1.097637124142561760e+00 2.200000000000000178e+00 3.174196406015969973e+00
1.090624999999999956e+00 2.189271306793487248e+00 3.174196406015969973e+00
1.060312499999999991e+00 2.139565059814055203e+00 3.174196406015969973e+00
1.055547743729914778e+00 2.131250000000000533e+00 3.174196406015969973e+00
1.030000000000000027e+00 2.089079869650902310e+00 3.174196406015969973e+00
1.015232938487512504e+00 2.062500000000000000e+00 3.174196406015969973e+00
9.996875000000000622e-01 2.036913504865752955e+00 3.174196406015969973e+00
9.757981952315629703e-01 1.993750000000000355e+00 3.174196406015969973e+00
9.693749999999998757e-01 1.983647332553650333e+00 3.174196406015969973e+00
9.390624999999999112e-01 1.931929810969855499e+00 3.174196406015969973e+00
9.353293164624593148e-01 1.924999999999999822e+00 3.174196406015969973e+00
9.087499999999998357e-01 1.884088085598310425e+00 3.174196406015969973e+00
8.921796144789650995e-01 1.856250000000000178e+00 3.174196406015969973e+00
8.784374999999999822e-01 1.836822116653781478e+00 3.174196406015969973e+00
8.481250000000001288e-01 1.788023630472488357e+00 3.174196406015969973e+00
8.478354314083277332e-01 1.787500000000000089e+00 3.174196406015969973e+00
8.178125000000000533e-01 1.742099303433567004e+00 3.174196406015969973e+00
8.048572413893728683e-01 1.718750000000000000e+00 3.174196406015969973e+00
7.875000000000000888e-01 1.692355787781284038e+00 3.174196406015969973e+00
7.636057317552281676e-01 1.650000000000000355e+00 3.174196406015969973e+00
7.571874999999999023e-01 1.638892276552466054e+00 3.174196406015969973e+00
7.268749999999999378e-01 1.582850349839709514e+00 3.174196406015969973e+00
7.259959574585679309e-01 1.581250000000000266e+00 3.174196406015969973e+00
6.965624999999999734e-01 1.517957817902711781e+00 3.174196406015969973e+00
6.936981020608684601e-01 1.512499999999999956e+00 3.174196406015969973e+00
6.663308292040230896e-01 1.443750000000000089e+00 3.174196406015969973e+00
6.662500000000000089e-01 1.443457260012545706e+00 3.174196406015969973e+00
6.404377613895733123e-01 1.375000000000000000e+00 3.174196406015969973e+00
6.359375000000000444e-01 1.359017810669922444e+00 3.174196406015969973e+00
6.142686807611594801e-01 1.306249999999999911e+00 3.174196406015969973e+00
6.056250000000000799e-01 1.276905487801491157e+00 3.174196406015969973e+00
5.872094300664818523e-01 1.237500000000000266e+00 3.174196406015969973e+00
5.753124999999998934e-01 1.196691671129833434e+00 3.174196406015969973e+00
5.597219344968026311e-01 1.168750000000000178e+00 3.174196406015969973e+00
5.449999999999999289e-01 1.111476645143104625e+00 3.174196406015969973e+00
5.306934667412505080e-01 1.100000000000000089e+00 3.174196406015969973e+00
5.449999999999999289e-01 1.087811039351366915e+00 3.174196406015969973e+00
5.753124999999998934e-01 1.067742743792637894e+00 3.174196406015969973e+00
6.056250000000000799e-01 1.051977390835925563e+00 3.174196406015969973e+00
6.359375000000000444e-01 1.036985920219584134e+00 3.174196406015969973e+00
6.459502388088724789e-01 1.031250000000000000e+00 3.174196406015969973e+00
6.662500000000000089e-01 1.024858705732946795e+00 3.174196406015969973e+00
6.965625000000000844e-01 1.013431619565887232e+00 3.174196406015969973e+00
7.268749999999999378e-01 1.000814258118380762e+00 3.174196406015969973e+00
7.571874999999999023e-01 9.869966190621357605e-01 3.174196406015969973e+00
7.875000000000000888e-01 9.718956073657840644e-01 3.174196406015969973e+00
8.042483124985631004e-01 9.624999999999999112e-01 3.174196406015969973e+00
8.178125000000000533e-01 9.567169266354365043e-01 3.174196406015969973e+00
8.481250000000001288e-01 9.418270160824118165e-01 3.174196406015969973e+00
8.784374999999999822e-01 9.251266222974005027e-01 3.174196406015969973e+00
9.087499999999999467e-01 9.063073118064687295e-01 3.174196406015969973e+00
9.265616807629434293e-01 8.937500000000002665e-01 3.174196406015969973e+00
9.390624999999999112e-01 8.865028839353568113e-01 3.174196406015969973e+00
9.693749999999998757e-01 8.664287076076988559e-01 3.174196406015969973e+00
9.996875000000000622e-01 8.435459705619114956e-01 3.174196406015969973e+00
1.021282809222953558e+00 8.250000000000001776e-01 3.174196406015969973e+00
1.030000000000000027e+00 8.185177327828265792e-01 3.174196406015969973e+00
1.060312499999999991e+00 7.929653091045703039e-01 3.174196406015969973e+00
1.090624999999999956e+00 7.636019650993522978e-01 3.174196406015969973e+00
1.097410825779029819e+00 7.562500000000000888e-01 3.174196406015969973e+00
1.120937499999999920e+00 7.327774857861282243e-01 3.174196406015969973e+00
1.151250000000000107e+00 6.978420656178018211e-01 3.174196406015969973e+00
1.159236813345133399e+00 6.875000000000000000e-01 3.174196406015969973e+00
1.181562500000000071e+00 6.591762504402121081e-01 3.174196406015969973e+00
1.208685260141346918e+00 6.187499999999999112e-01 3.174196406015969973e+00
1.211875000000000036e+00 6.138750624183596516e-01 3.174196406015969973e+00
1.242187500000000000e+00 5.604102069892381577e-01 3.174196406015969973e+00
1.247271918365481014e+00 5.499999999999998224e-01 3.174196406015969973e+00
1.272499999999999964e+00 4.936405565157755415e-01 3.174196406015969973e+00
1.277254409272962077e+00 4.812500000000001776e-01 3.174196406015969973e+00
1.301320253667772597e+00 4.125000000000000888e-01 3.174196406015969973e+00
1.302812499999999929e+00 4.080196676577790837e-01 3.174196406015969973e+00
1.321982491786281910e+00 3.437500000000000000e-01 3.174196406015969973e+00
1.333125000000000115e+00 3.050132628797516121e-01 3.174196406015969973e+00
1.341203662738387425e+00 2.749999999999999112e-01 3.174196406015969973e+00
1.359336519735242277e+00 2.062499999999998224e-01 3.174196406015969973e+00
1.363437500000000080e+00 1.883710441698179805e-01 3.174196406015969973e+00
1.375249164290660797e+00 1.375000000000001776e-01 3.174196406015969973e+00
1.386399451232275259e+00 6.875000000000008882e-02 3.174196406015969973e+00
1.390571603717890126e+00 0.000000000000000000e+00 3.174196406015969973e+00
1.386940803433256653e+00 -6.875000000000008882e-02 3.174196406015969973e+00
1.376115276521161057e+00 -1.375000000000001776e-01 3.174196406015969973e+00
1.363437499999999858e+00 -1.919429854896141929e-01 3.174196406015969973e+00
1.360144576681643347e+00 -2.062500000000000444e-01 3.174196406015969973e+00
1.341635202306540764e+00 -2.749999999999999112e-01 3.174196406015969973e+00
1.333125000000000115e+00 -3.056529226669743027e-01 3.174196406015969973e+00
1.321862281161618524e+00 -3.437500000000000000e-01 3.174196406015969973e+00
1.302812499999999929e+00 -4.061405880058157614e-01 3.174196406015969973e+00
1.300649615818300298e+00 -4.125000000000001443e-01 3.174196406015969973e+00
1.276181946167331382e+00 -4.812499999999999556e-01 3.174196406015969973e+00
1.272499999999999964e+00 -4.908386514526047462e-01 3.174196406015969973e+00
1.245976999973053445e+00 -5.500000000000000444e-01 3.174196406015969973e+00
1.242187500000000000e+00 -5.578089965190785593e-01 3.174196406015969973e+00
1.211875000000000036e+00 -6.117422208367047087e-01 3.174196406015969973e+00
1.207298475530415027e+00 -6.187500000000001332e-01 3.174196406015969973e+00
1.181562500000000071e+00 -6.573066387132053823e-01 3.174196406015969973e+00
1.157809294635985475e+00 -6.875000000000000000e-01 3.174196406015969973e+00
1.151250000000000107e+00 -6.960250802838585660e-01 3.174196406015969973e+00
1.120937499999999920e+00 -7.310898664201467279e-01 3.174196406015969973e+00
1.095669006729407702e+00 -7.562500000000000888e-01 3.174196406015969973e+00
1.090624999999999956e+00 -7.617056816392051566e-01 3.174196406015969973e+00
1.060312499999999991e+00 -7.910343207647818620e-01 3.174196406015969973e+00
1.030000000000000027e+00 -8.164949482461274499e-01 3.174196406015969973e+00
1.018486522900918567e+00 -8.250000000000001776e-01 3.174196406015969973e+00
9.996875000000000622e-01 -8.410423782719744779e-01 3.174196406015969973e+00
9.693749999999998757e-01 -8.637813838086281226e-01 3.174196406015969973e+00
9.390624999999999112e-01 -8.836906976766818467e-01 3.174196406015969973e+00
9.215622564460693722e-01 -8.937500000000000444e-01 3.174196406015969973e+00
9.087499999999999467e-01 -9.027165884248252725e-01 3.174196406015969973e+00
8.784374999999999822e-01 -9.213170345545423912e-01 3.174196406015969973e+00
8.481250000000000178e-01 -9.377703864946999035e-01 3.174196406015969973e+00
8.178125000000000533e-01 -9.523522533426425074e-01 3.174196406015969973e+00
7.937885045220980373e-01 -9.625000000000001332e-01 3.174196406015969973e+00
7.875000000000000888e-01 -9.660039000965400247e-01 3.174196406015969973e+00
7.571874999999999023e-01 -9.805095434572210777e-01 3.174196406015969973e+00
7.268749999999999378e-01 -9.935844157178552738e-01 3.174196406015969973e+00
6.965624999999999734e-01 -1.005231442263391228e+00 3.174196406015969973e+00
6.662500000000000089e-01 -1.015343352731843174e+00 3.174196406015969973e+00
6.359375000000000444e-01 -1.023605765305098281e+00 3.174196406015969973e+00
6.056250000000000799e-01 -1.029301985250259399e+00 3.174196406015969973e+00
5.753124999999998934e-01 -1.030810423530352349e+00 3.174196406015969973e+00
5.449999999999999289e-01 -1.023993991702444539e+00 3.174196406015969973e+00
5.146874999999999645e-01 -9.949848020579488139e-01 3.174196406015969973e+00
5.019304685135643762e-01 -9.625000000000001332e-01 3.174196406015969973e+00
4.843750000000000000e-01 -9.311972358154656515e-01 3.174196406015969973e+00
4.715800554774975950e-01 -8.937500000000000444e-01 3.174196406015969973e+00
4.540624999999999245e-01 -8.529901195343601028e-01 3.174196406015969973e+00
4.450731822014171168e-01 -8.250000000000001776e-01 3.174196406015969973e+00
4.237500000000000155e-01 -7.670881711449568652e-01 3.174196406015969973e+00
4.204278157393100956e-01 -7.562500000000000888e-01 3.174196406015969973e+00
3.975216488140705384e-01 -6.875000000000001110e-01 3.174196406015969973e+00
3.934374999999999956e-01 -6.750288925933106698e-01 3.174196406015969973e+00
3.765706113293316726e-01 -6.187500000000001332e-01 3.174196406015969973e+00
3.631249999999999201e-01 -5.690245628304426706e-01 3.174196406015969973e+00
3.582275352788833467e-01 -5.500000000000000444e-01 3.174196406015969973e+00
3.421190780867799375e-01 -4.812499999999999556e-01 3.174196406015969973e+00
3.328125000000000111e-01 -4.335575535564317740e-01 3.174196406015969973e+00
3.286996220047946338e-01 -4.125000000000000888e-01 3.174196406015969973e+00
3.172946027425059823e-01 -3.437500000000000000e-01 3.174196406015969973e+00
3.084935435930657444e-01 -2.749999999999999112e-01 3.174196406015969973e+00
3.024999999999999911e-01 -2.120893494972860838e-01 3.174196406015969973e+00
3.019088980378511478e-01 -2.062500000000000444e-01 3.174196406015969973e+00
2.968625792473239544e-01 -1.375000000000001776e-01 3.174196406015969973e+00
2.938836952035789873e-01 -6.875000000000008882e-02 3.174196406015969973e+00
2.928585012315242375e-01 0.000000000000000000e+00 3.174196406015969973e+00
2.937451108039920156e-01 6.875000000000008882e-02 3.174196406015969973e+00
2.965785895335950606e-01 1.375000000000001776e-01 3.174196406015969973e+00
3.014596689251215489e-01 2.062499999999998224e-01 3.174196406015969973e+00
3.024999999999999911e-01 2.167654415369304477e-01 3.174196406015969973e+00
3.079166343520605142e-01 2.749999999999999112e-01 3.174196406015969973e+00
3.164947733612904490e-01 3.437500000000000000e-01 3.174196406015969973e+00
3.276068398532651083e-01 4.125000000000000888e-01 3.174196406015969973e+00
3.328125000000000111e-01 4.396572786044319892e-01 3.174196406015969973e+00
3.407674792244956841e-01 4.812500000000001776e-01 3.174196406015969973e+00
3.563711319782418285e-01 5.499999999999998224e-01 3.174196406015969973e+00
3.631249999999999756e-01 5.768338805062289687e-01 3.174196406015969973e+00
3.741902991982148929e-01 6.187499999999999112e-01 3.174196406015969973e+00
3.934374999999999956e-01 6.845987385195280162e-01 3.174196406015969973e+00
3.943629222151128211e-01 6.875000000000000000e-01 3.174196406015969973e+00
4.159232552105102121e-01 7.562500000000000888e-01 3.174196406015969973e+00
4.237500000000000155e-01 7.827576677051177878e-01 3.174196406015969973e+00
4.387399556061898354e-01 8.250000000000001776e-01 3.174196406015969973e+00
4.540625000000000355e-01 8.744702712687292268e-01 3.174196406015969973e+00
4.620708993658601549e-01 8.937500000000001554e-01 3.174196406015969973e+00
4.843750000000000000e-01 9.606072332902101385e-01 3.174196406015969973e+00
4.854145675605150423e-01 9.624999999999999112e-01 3.174196406015969973e+00
5.099763936165332412e-01 1.031250000000000000e+00 3.174196406015969973e+00
4.843750000000000000e-01 1.087338809838442222e+00 3.174196406015969973e+00
4.675082130272005809e-01 1.100000000000000089e+00 3.174196406015969973e+00
4.540625000000000355e-01 1.102919920616024951e+00 3.174196406015969973e+00
4.237499999999999600e-01 1.112517169160534669e+00 3.174196406015969973e+00
3.934374999999999956e-01 1.122936414529980054e+00 3.174196406015969973e+00
3.631249999999999201e-01 1.133439580100860766e+00 3.174196406015969973e+00
3.328125000000000111e-01 1.143429318310032583e+00 3.174196406015969973e+00
3.024999999999999911e-01 1.152399550880558898e+00 3.174196406015969973e+00
2.721875000000000266e-01 1.160153318061249106e+00 3.174196406015969973e+00
2.607742664865824733e-01 1.168750000000000178e+00 3.174196406015969973e+00
2.418750000000000067e-01 1.186037733559891949e+00 3.174196406015969973e+00
2.299305219831374592e-01 1.237500000000000266e+00 3.174196406015969973e+00
2.153093948215974718e-01 1.306249999999999911e+00 3.174196406015969973e+00
2.115624999999999867e-01 1.320798986536409814e+00 3.174196406015969973e+00
2.082851854777929557e-01 1.306249999999999911e+00 3.174196406015969973e+00
1.983133134847777923e-01 1.237500000000000266e+00 3.174196406015969973e+00
1.894883406975657603e-01 1.168750000000000178e+00 3.174196406015969973e+00
1.816645954235623361e-01 1.100000000000000089e+00 3.174196406015969973e+00
1.812499999999999944e-01 1.097057570675450178e+00 3.174196406015969973e+00
1.772460535433812989e-01 1.031250000000000000e+00 3.174196406015969973e+00
1.734314328604265321e-01 9.624999999999999112e-01 3.174196406015969973e+00
1.715350943853257704e-01 8.937500000000002665e-01 3.174196406015969973e+00
1.706700896547231616e-01 8.250000000000001776e-01 3.174196406015969973e+00
1.704944412792553932e-01 7.562500000000000888e-01 3.174196406015969973e+00
1.708091090996367301e-01 6.875000000000000000e-01 3.174196406015969973e+00
1.712577231138046607e-01 6.187499999999999112e-01 3.174196406015969973e+00
1.720078269255866932e-01 5.499999999999998224e-01 3.174196406015969973e+00
1.727865046573569263e-01 4.812500000000001776e-01 3.174196406015969973e+00
1.735126716645446210e-01 4.125000000000000888e-01 3.174196406015969973e+00
1.743875011454700530e-01 3.437500000000000000e-01 3.174196406015969973e+00
1.750400160337617084e-01 2.749999999999999112e-01 3.174196406015969973e+00
1.756548864677694444e-01 2.062499999999998224e-01 3.174196406015969973e+00
1.761552798867760394e-01 1.375000000000001776e-01 3.174196406015969973e+00
1.763241551861614853e-01 6.875000000000008882e-02 3.174196406015969973e+00
1.765204145119824153e-01 0.000000000000000000e+00 3.174196406015969973e+00
1.763944529706890085e-01 -6.875000000000008882e-02 3.174196406015969973e+00
1.760400674077646777e-01 -1.375000000000001776e-01 3.174196406015969973e+00
1.756594691557087085e-01 -2.062500000000000444e-01 3.174196406015969973e+00
1.749626770390556862e-01 -2.749999999999999112e-01 3.174196406015969973e+00
1.742920880545162921e-01 -3.437500000000000000e-01 3.174196406015969973e+00
1.735175951876467837e-01 -4.125000000000000888e-01 3.174196406015969973e+00
1.726117163447523917e-01 -4.812499999999999556e-01 3.174196406015969973e+00
1.719131076459878837e-01 -5.500000000000000444e-01 3.174196406015969973e+00
1.711743087695075383e-01 -6.187500000000001332e-01 3.174196406015969973e+00
1.706101904490990029e-01 -6.875000000000000000e-01 3.174196406015969973e+00
1.703543421813987213e-01 -7.562500000000000888e-01 3.174196406015969973e+00
1.703645914891417923e-01 -8.250000000000001776e-01 3.174196406015969973e+00
1.711421597457267185e-01 -8.937499999999999334e-01 3.174196406015969973e+00
1.729129565344174613e-01 -9.625000000000001332e-01 3.174196406015969973e+00
1.762901278795781512e-01 -1.031250000000000000e+00 3.174196406015969973e+00
1.807687555668169299e-01 -1.100000000000000089e+00 3.174196406015969973e+00
1.812499999999999944e-01 -1.109408659495629390e+00 3.174196406015969973e+00
1.883619631616839096e-01 -1.168750000000000178e+00 3.174196406015969973e+00
1.970158044103306194e-01 -1.237500000000000044e+00 3.174196406015969973e+00
2.084495358338600279e-01 -1.306250000000000133e+00 3.174196406015969973e+00
2.115624999999999867e-01 -1.321092772346126321e+00 3.174196406015969973e+00
2.152388553302086449e-01 -1.306250000000000133e+00 3.174196406015969973e+00
2.316622447088026449e-01 -1.237500000000000044e+00 3.174196406015969973e+00
2.418750000000000067e-01 -1.196633047085066792e+00 3.174196406015969973e+00
2.721875000000000822e-01 -1.170673359655971746e+00 3.174196406015969973e+00
2.804095673846449532e-01 -1.168750000000000178e+00 3.174196406015969973e+00
3.024999999999999911e-01 -1.164017980277383568e+00 3.174196406015969973e+00
3.328125000000000111e-01 -1.156278529258201626e+00 3.174196406015969973e+00
3.631249999999999756e-01 -1.147644882837858926e+00 3.174196406015969973e+00
3.934374999999999956e-01 -1.138776640822607433e+00 3.174196406015969973e+00
4.237499999999999600e-01 -1.130545619600771712e+00 3.174196406015969973e+00
4.540624999999999800e-01 -1.124200410695327834e+00 3.174196406015969973e+00
4.843750000000000555e-01 -1.122098817432468865e+00 3.174196406015969973e+00
5.146874999999999645e-01 -1.130641118614137852e+00 3.174196406015969973e+00
5.410053046957921108e-01 -1.168750000000000178e+00 3.174196406015969973e+00
5.449999999999999289e-01 -1.172298192442752685e+00 3.174196406015969973e+00
5.753124999999998934e-01 -1.227454824299882397e+00 3.174196406015969973e+00
5.782779750230665483e-01 -1.237500000000000044e+00 3.174196406015969973e+00
6.056250000000000799e-01 -1.295837321372912854e+00 3.174196406015969973e+00
6.087039067718038599e-01 -1.306250000000000133e+00 3.174196406015969973e+00
6.359375000000000444e-01 -1.372450595418337693e+00 3.174196406015969973e+00
6.366559564844030961e-01 -1.375000000000000000e+00 3.174196406015969973e+00
6.632107869886735285e-01 -1.443750000000000089e+00 3.174196406015969973e+00
6.662500000000000089e-01 -1.449794007503133919e+00 3.174196406015969973e+00
6.911294656205442255e-01 -1.512500000000000178e+00 3.174196406015969973e+00
6.965624999999999734e-01 -1.522820692993532177e+00 3.174196406015969973e+00
7.236949464524691233e-01 -1.581250000000000266e+00 3.174196406015969973e+00
7.268749999999998268e-01 -1.586932155817283530e+00 3.174196406015969973e+00
7.571874999999999023e-01 -1.641936583449232323e+00 3.174196406015969973e+00
7.618963244112308963e-01 -1.650000000000000355e+00 3.174196406015969973e+00
7.875000000000000888e-01 -1.694034769361361548e+00 3.174196406015969973e+00
8.042040495047064752e-01 -1.718750000000000000e+00 3.174196406015969973e+00
8.178125000000000533e-01 -1.742456872728628037e+00 3.174196406015969973e+00
8.481250000000000178e-01 -1.786897966933782778e+00 3.174196406015969973e+00
8.485926871495587109e-01 -1.787500000000000089e+00 3.174196406015969973e+00
8.784374999999999822e-01 -1.834225412819324719e+00 3.174196406015969973e+00
8.944521536882754642e-01 -1.856250000000000178e+00 3.174196406015969973e+00
9.087499999999999467e-01 -1.879663125440357074e+00 3.174196406015969973e+00
9.388136043507367967e-01 -1.925000000000000044e+00 3.174196406015969973e+00
9.390624999999999112e-01 -1.925457165493112521e+00 3.174196406015969973e+00
9.693749999999998757e-01 -1.977151055317105666e+00 3.174196406015969973e+00
9.799659739729428276e-01 -1.993750000000000133e+00 3.174196406015969973e+00
9.996875000000000622e-01 -2.029811443487618661e+00 3.174196406015969973e+00
1.019359476049388702e+00 -2.062500000000000000e+00 3.174196406015969973e+00
1.030000000000000027e+00 -2.082025880435684595e+00 3.174196406015969973e+00
1.059352288244604257e+00 -2.131250000000000089e+00 3.174196406015969973e+00
1.060312499999999991e+00 -2.132960921649472485e+00 3.174196406015969973e+00
1.090624999999999956e+00 -2.183780139687550914e+00 3.174196406015969973e+00
1.101074239665584376e+00 -2.200000000000000178e+00 3.174196406015969973e+00
