7.571874999999999023e-01 -4.857346141648327675e-01 3.062132904508445996e+00
7.520033262799835638e-01 -4.812499999999999556e-01 3.062132904508445996e+00
7.268749999999999378e-01 -4.566997789607513125e-01 3.062132904508445996e+00
6.965624999999999734e-01 -4.192396679749111343e-01 3.062132904508445996e+00
6.919046601205365299e-01 -4.125000000000000888e-01 3.062132904508445996e+00
6.662500000000000089e-01 -3.684555778383543645e-01 3.062132904508445996e+00
6.538500856684605900e-01 -3.437500000000000000e-01 3.062132904508445996e+00
6.359375000000000444e-01 -2.991130031413131163e-01 3.062132904508445996e+00
6.272102164093787957e-01 -2.749999999999999112e-01 3.062132904508445996e+00
6.084743943190663584e-01 -2.062500000000000444e-01 3.062132904508445996e+00
6.056250000000000799e-01 -1.912157512407295923e-01 3.062132904508445996e+00
5.959237505030249293e-01 -1.375000000000001776e-01 3.062132904508445996e+00
5.886393548351851468e-01 -6.875000000000008882e-02 3.062132904508445996e+00
5.861695546578653548e-01 0.000000000000000000e+00 3.062132904508445996e+00
5.883727375697724860e-01 6.875000000000008882e-02 3.062132904508445996e+00
5.953730196875351988e-01 1.375000000000001776e-01 3.062132904508445996e+00
6.056250000000000799e-01 1.956066550428883499e-01 3.062132904508445996e+00
6.075944662687915443e-01 2.062499999999998224e-01 3.062132904508445996e+00
6.259429768700036645e-01 2.749999999999999112e-01 3.062132904508445996e+00
6.359375000000000444e-01 3.030044636273210301e-01 3.062132904508445996e+00
6.520508374619281566e-01 3.437500000000000000e-01 3.062132904508445996e+00
6.662500000000000089e-01 3.723771071128486598e-01 3.062132904508445996e+00
6.893315362696043058e-01 4.125000000000000888e-01 3.062132904508445996e+00
6.965624999999999734e-01 4.230706121745890225e-01 3.062132904508445996e+00
7.268749999999999378e-01 4.606211062535442990e-01 3.062132904508445996e+00
7.477747003955190763e-01 4.812500000000001776e-01 3.062132904508445996e+00
7.571874999999999023e-01 4.894604350319051722e-01 3.062132904508445996e+00
7.875000000000000888e-01 5.103820414927999760e-01 3.062132904508445996e+00
8.178125000000000533e-01 5.252878428164178271e-01 3.062132904508445996e+00
8.481250000000000178e-01 5.348010152869808742e-01 3.062132904508445996e+00
8.784374999999999822e-01 5.393821373649583251e-01 3.062132904508445996e+00
9.087499999999999467e-01 5.393544858646232010e-01 3.062132904508445996e+00
9.390624999999999112e-01 5.349198594606698887e-01 3.062132904508445996e+00
9.693749999999998757e-01 5.261653808821287193e-01 3.062132904508445996e+00
9.996875000000000622e-01 5.130604918483119281e-01 3.062132904508445996e+00
1.030000000000000027e+00 4.954417774587248080e-01 3.062132904508445996e+00
1.049127435897475591e+00 4.812500000000001776e-01 3.062132904508445996e+00
1.060312499999999991e+00 4.725857475891331316e-01 3.062132904508445996e+00
1.090624999999999956e+00 4.435755204599646229e-01 3.062132904508445996e+00
1.117453644071559449e+00 4.125000000000000888e-01 3.062132904508445996e+00
1.120937499999999920e+00 4.081210121743772956e-01 3.062132904508445996e+00
1.151250000000000107e+00 3.630028795905714811e-01 3.062132904508445996e+00
1.162304451103673752e+00 3.437500000000000000e-01 3.062132904508445996e+00
1.181562500000000071e+00 3.061139470335501045e-01 3.062132904508445996e+00
1.195485068442903476e+00 2.749999999999999112e-01 3.062132904508445996e+00
1.211875000000000036e+00 2.320720644215502615e-01 3.062132904508445996e+00
1.220735015907867815e+00 2.062499999999998224e-01 3.062132904508445996e+00
1.239302880400318552e+00 1.375000000000001776e-01 3.062132904508445996e+00
1.242187500000000000e+00 1.210492956346160554e-01 3.062132904508445996e+00
1.250663599707624307e+00 6.875000000000008882e-02 3.062132904508445996e+00
1.254604457021772479e+00 0.000000000000000000e+00 3.062132904508445996e+00
1.250786456418580661e+00 -6.875000000000008882e-02 3.062132904508445996e+00
1.242187500000000000e+00 -1.218310314029413116e-01 3.062132904508445996e+00
1.239436737523506693e+00 -1.375000000000001776e-01 3.062132904508445996e+00
1.220680186902418196e+00 -2.062500000000000444e-01 3.062132904508445996e+00
1.211875000000000036e+00 -2.315431534438084360e-01 3.062132904508445996e+00
1.195050506694952386e+00 -2.749999999999999112e-01 3.062132904508445996e+00
1.181562500000000071e+00 -3.047222545799105342e-01 3.062132904508445996e+00
1.161329331460647207e+00 -3.437500000000000000e-01 3.062132904508445996e+00
1.151250000000000107e+00 -3.611157613493211627e-01 3.062132904508445996e+00
1.120937499999999920e+00 -4.058033583698388846e-01 3.062132904508445996e+00
1.115557970922922415e+00 -4.125000000000000888e-01 3.062132904508445996e+00
1.090624999999999956e+00 -4.411786701493438656e-01 3.062132904508445996e+00
1.060312499999999991e+00 -4.699860233704825641e-01 3.062132904508445996e+00
1.045664776643762561e+00 -4.812499999999999556e-01 3.062132904508445996e+00
1.030000000000000027e+00 -4.928142644999842781e-01 3.062132904508445996e+00
9.996875000000000622e-01 -5.103014855309639941e-01 3.062132904508445996e+00
9.693749999999998757e-01 -5.232671486619593360e-01 3.062132904508445996e+00
9.390624999999999112e-01 -5.318788033633253809e-01 3.062132904508445996e+00
9.087499999999999467e-01 -5.361710136874308086e-01 3.062132904508445996e+00
8.784374999999999822e-01 -5.360607498046302544e-01 3.062132904508445996e+00
8.481250000000000178e-01 -5.313506617105469010e-01 3.062132904508445996e+00
8.178125000000000533e-01 -5.217226186638881380e-01 3.062132904508445996e+00
7.875000000000000888e-01 -5.067223270512359878e-01 3.062132904508445996e+00
7.571874999999999023e-01 -4.857346141648327675e-01 3.062132904508445996e+00
