6.662500000000000089e-01 -8.322893677716526328e-01 3.149256347068955186e+00
6.522264077765166368e-01 -8.250000000000001776e-01 3.149256347068955186e+00
6.359375000000000444e-01 -8.168439269676164294e-01 3.149256347068955186e+00
6.056250000000000799e-01 -7.957201225820715873e-01 3.149256347068955186e+00
5.753124999999998934e-01 -7.657747127802067011e-01 3.149256347068955186e+00
5.676059400785584685e-01 -7.562500000000000888e-01 3.149256347068955186e+00
5.449999999999999289e-01 -7.281567851242665146e-01 3.149256347068955186e+00
5.194852702218595297e-01 -6.875000000000000000e-01 3.149256347068955186e+00
5.146874999999999645e-01 -6.794836036654723355e-01 3.149256347068955186e+00
4.843750000000000000e-01 -6.194411645961070967e-01 3.149256347068955186e+00
4.840679849852613237e-01 -6.187500000000001332e-01 3.149256347068955186e+00
4.559644800891450855e-01 -5.500000000000000444e-01 3.149256347068955186e+00
4.540624999999999245e-01 -5.446865040337053321e-01 3.149256347068955186e+00
4.330289255891495159e-01 -4.812499999999999556e-01 3.149256347068955186e+00
4.237500000000000155e-01 -4.476859229387194494e-01 3.149256347068955186e+00
4.144219300676701412e-01 -4.125000000000000888e-01 3.149256347068955186e+00
3.994999798865117024e-01 -3.437500000000000000e-01 3.149256347068955186e+00
3.934374999999999956e-01 -3.082911862598927133e-01 3.149256347068955186e+00
3.877164047506882483e-01 -2.749999999999999112e-01 3.149256347068955186e+00
3.787101182730232551e-01 -2.062500000000000444e-01 3.149256347068955186e+00
3.725197915430116247e-01 -1.375000000000001776e-01 3.149256347068955186e+00
3.688780810234122964e-01 -6.875000000000008882e-02 3.149256347068955186e+00
3.676292133753040203e-01 0.000000000000000000e+00 3.149256347068955186e+00
3.687189903648508404e-01 6.875000000000008882e-02 3.149256347068955186e+00
3.721914443975787856e-01 1.375000000000001776e-01 3.149256347068955186e+00
3.781904288230271138e-01 2.062499999999998224e-01 3.149256347068955186e+00
3.869678980283819958e-01 2.749999999999999112e-01 3.149256347068955186e+00
3.934374999999999956e-01 3.133519466017651300e-01 3.149256347068955186e+00
3.985345475758398370e-01 3.437500000000000000e-01 3.149256347068955186e+00
4.131075586077734840e-01 4.125000000000000888e-01 3.149256347068955186e+00
4.237500000000000155e-01 4.533069546512975001e-01 3.149256347068955186e+00
4.313416498028500023e-01 4.812500000000001776e-01 3.149256347068955186e+00
4.537387829218217372e-01 5.499999999999998224e-01 3.149256347068955186e+00
4.540624999999999800e-01 5.509001528598123087e-01 3.149256347068955186e+00
4.810143720492982555e-01 6.187499999999999112e-01 3.149256347068955186e+00
4.843750000000000000e-01 6.264495009016600724e-01 3.149256347068955186e+00
5.146874999999999645e-01 6.864632565513341111e-01 3.149256347068955186e+00
5.152978695856088587e-01 6.874999999999998890e-01 3.149256347068955186e+00
5.449999999999999289e-01 7.355368819979658523e-01 3.149256347068955186e+00
5.614153121170175620e-01 7.562500000000000888e-01 3.149256347068955186e+00
5.753124999999998934e-01 7.736472854499463203e-01 3.149256347068955186e+00
6.056250000000000799e-01 8.029169436764983514e-01 3.149256347068955186e+00
6.359375000000000444e-01 8.234083321837677438e-01 3.149256347068955186e+00
6.390892748847415428e-01 8.250000000000001776e-01 3.149256347068955186e+00
6.662500000000000089e-01 8.391934032014379818e-01 3.149256347068955186e+00
6.965624999999999734e-01 8.490817803379081541e-01 3.149256347068955186e+00
7.268749999999999378e-01 8.541737353178427972e-01 3.149256347068955186e+00
7.571874999999999023e-01 8.553737480913448099e-01 3.149256347068955186e+00
7.875000000000000888e-01 8.532759184978924161e-01 3.149256347068955186e+00
8.178125000000000533e-01 8.482529733116515036e-01 3.149256347068955186e+00
8.481250000000000178e-01 8.405078785057272794e-01 3.149256347068955186e+00
8.784374999999999822e-01 8.301064903338688516e-01 3.149256347068955186e+00
8.900180402223825116e-01 8.250000000000001776e-01 3.149256347068955186e+00
9.087499999999999467e-01 8.179625293934904562e-01 3.149256347068955186e+00
9.390624999999999112e-01 8.039986559852304593e-01 3.149256347068955186e+00
9.693749999999998757e-01 7.874353636652151600e-01 3.149256347068955186e+00
9.996875000000000622e-01 7.679925295081084791e-01 3.149256347068955186e+00
1.015370615181157898e+00 7.562500000000000888e-01 3.149256347068955186e+00
1.030000000000000027e+00 7.463416528526599647e-01 3.149256347068955186e+00
1.060312499999999991e+00 7.225784827246617414e-01 3.149256347068955186e+00
1.090624999999999956e+00 6.950152246798010358e-01 3.149256347068955186e+00
1.097865025307696252e+00 6.875000000000000000e-01 3.149256347068955186e+00
1.120937499999999920e+00 6.645415664647629228e-01 3.149256347068955186e+00
1.151250000000000107e+00 6.294376398540851847e-01 3.149256347068955186e+00
1.159318301305356513e+00 6.187499999999999112e-01 3.149256347068955186e+00
1.181562500000000071e+00 5.889229190679915460e-01 3.149256347068955186e+00
1.206217754427548305e+00 5.499999999999998224e-01 3.149256347068955186e+00
1.211875000000000258e+00 5.406100363330534897e-01 3.149256347068955186e+00
1.242187500000000000e+00 4.817088331167662663e-01 3.149256347068955186e+00
1.242392537971934274e+00 4.812500000000001776e-01 3.149256347068955186e+00
1.270795424784868732e+00 4.125000000000001443e-01 3.149256347068955186e+00
1.272499999999999964e+00 4.080460492666705963e-01 3.149256347068955186e+00
1.294363171957535918e+00 3.437500000000000000e-01 3.149256347068955186e+00
1.302812499999999929e+00 3.171767272555762185e-01 3.149256347068955186e+00
1.315181595323148045e+00 2.749999999999999112e-01 3.149256347068955186e+00
1.333125000000000115e+00 2.093816146250074839e-01 3.149256347068955186e+00
1.333952768467908445e+00 2.062499999999998224e-01 3.149256347068955186e+00
1.349558434701007226e+00 1.375000000000001776e-01 3.149256347068955186e+00
1.360340085466169802e+00 6.875000000000008882e-02 3.149256347068955186e+00
1.363437500000000080e+00 1.544025739426771980e-02 3.149256347068955186e+00
1.364342076777018686e+00 0.000000000000000000e+00 3.149256347068955186e+00
1.363437500000000080e+00 -1.737606710243005254e-02 3.149256347068955186e+00
1.360775418300632422e+00 -6.875000000000008882e-02 3.149256347068955186e+00
1.350235289697144792e+00 -1.375000000000001776e-01 3.149256347068955186e+00
1.334546687749247340e+00 -2.062500000000000444e-01 3.149256347068955186e+00
1.333125000000000115e+00 -2.115200206970939967e-01 3.149256347068955186e+00
1.315438181753488367e+00 -2.749999999999999112e-01 3.149256347068955186e+00
1.302812499999999929e+00 -3.169990732092262120e-01 3.149256347068955186e+00
1.294116802340386840e+00 -3.437500000000000000e-01 3.149256347068955186e+00
1.272499999999999964e+00 -4.061514781145516007e-01 3.149256347068955186e+00
1.270029621798464792e+00 -4.125000000000000888e-01 3.149256347068955186e+00
1.242187500000000000e+00 -4.792090626984978896e-01 3.149256347068955186e+00
1.241204231710855810e+00 -4.812499999999999556e-01 3.149256347068955186e+00
1.211875000000000036e+00 -5.381689415313122282e-01 3.149256347068955186e+00
1.204728025882421338e+00 -5.500000000000000444e-01 3.149256347068955186e+00
1.181562500000000071e+00 -5.866571547360919237e-01 3.149256347068955186e+00
1.157631502611331520e+00 -6.187500000000001332e-01 3.149256347068955186e+00
1.151250000000000107e+00 -6.272287119529365018e-01 3.149256347068955186e+00
1.120937499999999920e+00 -6.624538456069997139e-01 3.149256347068955186e+00
1.095726445841976870e+00 -6.875000000000000000e-01 3.149256347068955186e+00
1.090624999999999956e+00 -6.927955401420133885e-01 3.149256347068955186e+00
1.060312499999999991e+00 -7.203551052753767170e-01 3.149256347068955186e+00
1.030000000000000027e+00 -7.440400607076155248e-01 3.149256347068955186e+00
1.011869928293023690e+00 -7.562500000000000888e-01 3.149256347068955186e+00
9.996875000000000622e-01 -7.653304340688895646e-01 3.149256347068955186e+00
9.693749999999998757e-01 -7.846419563517388340e-01 3.149256347068955186e+00
9.390624999999999112e-01 -8.010374626634481077e-01 3.149256347068955186e+00
9.087499999999999467e-01 -8.148018530219203193e-01 3.149256347068955186e+00
8.813357282644679325e-01 -8.250000000000001776e-01 3.149256347068955186e+00
8.784374999999999822e-01 -8.262675081178353365e-01 3.149256347068955186e+00
8.481250000000000178e-01 -8.364087919395475357e-01 3.149256347068955186e+00
8.178125000000000533e-01 -8.438488926929965661e-01 3.149256347068955186e+00
7.875000000000000888e-01 -8.485146253624245016e-01 3.149256347068955186e+00
7.571874999999999023e-01 -8.501954526703427995e-01 3.149256347068955186e+00
7.268749999999999378e-01 -8.485085197943120772e-01 3.149256347068955186e+00
6.965624999999999734e-01 -8.428465834824258041e-01 3.149256347068955186e+00
6.662500000000000089e-01 -8.322893677716526328e-01 3.149256347068955186e+00
