1.255990151866249738e+00 2.200000000000000178e+00 3.207726460315139416e+00
1.242187500000000000e+00 2.183139201063017509e+00 3.207726460315139416e+00
1.211875000000000036e+00 2.143807411445356692e+00 3.207726460315139416e+00
1.202609462893233561e+00 2.131250000000000533e+00 3.207726460315139416e+00
1.181562500000000071e+00 2.104005626590823130e+00 3.207726460315139416e+00
1.151482860772026662e+00 2.062500000000000000e+00 3.207726460315139416e+00
1.151250000000000107e+00 2.062199063898899176e+00 3.207726460315139416e+00
1.120937499999999920e+00 2.021543142172097074e+00 3.207726460315139416e+00
1.101451727497056554e+00 1.993750000000000355e+00 3.207726460315139416e+00
1.090624999999999956e+00 1.979703629775282137e+00 3.207726460315139416e+00
1.060312499999999769e+00 1.938570905830011792e+00 3.207726460315139416e+00
1.050820761704916340e+00 1.924999999999999822e+00 3.207726460315139416e+00
1.030000000000000027e+00 1.899067462111275084e+00 3.207726460315139416e+00
9.996875000000000622e-01 1.859405638395610794e+00 3.207726460315139416e+00
9.974006589582856686e-01 1.856250000000000178e+00 3.207726460315139416e+00
9.693749999999998757e-01 1.824107213728976440e+00 3.207726460315139416e+00
9.396500813628337889e-01 1.787500000000000089e+00 3.207726460315139416e+00
9.390624999999999112e-01 1.786924098537066463e+00 3.207726460315139416e+00
9.087499999999999467e-01 1.754616652866180626e+00 3.207726460315139416e+00
8.795549871872118119e-01 1.718750000000000000e+00 3.207726460315139416e+00
8.784374999999999822e-01 1.717681807885297118e+00 3.207726460315139416e+00
8.481250000000000178e-01 1.683611461057169301e+00 3.207726460315139416e+00
8.241862965602850810e-01 1.650000000000000355e+00 3.207726460315139416e+00
8.178125000000000533e-01 1.641799165834244567e+00 3.207726460315139416e+00
7.874999999999999778e-01 1.593713673379000939e+00 3.207726460315139416e+00
7.805285141029025819e-01 1.581250000000000488e+00 3.207726460315139416e+00
7.571874999999999023e-01 1.525060752481363746e+00 3.207726460315139416e+00
7.517980478794079602e-01 1.512500000000000178e+00 3.207726460315139416e+00
7.360591377778944455e-01 1.443750000000000089e+00 3.207726460315139416e+00
7.310550498113983497e-01 1.375000000000000000e+00 3.207726460315139416e+00
7.350597222999046831e-01 1.306249999999999911e+00 3.207726460315139416e+00
7.500767579993292689e-01 1.237500000000000266e+00 3.207726460315139416e+00
7.571874999999997913e-01 1.219003113490328305e+00 3.207726460315139416e+00
7.800873275107335081e-01 1.168750000000000178e+00 3.207726460315139416e+00
7.875000000000000888e-01 1.157452463491425165e+00 3.207726460315139416e+00
8.178125000000000533e-01 1.114844579939869407e+00 3.207726460315139416e+00
8.291894586809935852e-01 1.100000000000000089e+00 3.207726460315139416e+00
8.481250000000000178e-01 1.080317467140006649e+00 3.207726460315139416e+00
8.784374999999999822e-01 1.049036428028122137e+00 3.207726460315139416e+00
8.953106472209393374e-01 1.031250000000000000e+00 3.207726460315139416e+00
9.087499999999999467e-01 1.019651954231344915e+00 3.207726460315139416e+00
9.390624999999999112e-01 9.916733610626041751e-01 3.207726460315139416e+00
9.686151692854159112e-01 9.625000000000000222e-01 3.207726460315139416e+00
9.693749999999998757e-01 9.618770335862678600e-01 3.207726460315139416e+00
9.996874999999999512e-01 9.343383116170539404e-01 3.207726460315139416e+00
1.030000000000000027e+00 9.040087923173407702e-01 3.207726460315139416e+00
1.039294385775631380e+00 8.937500000000002665e-01 3.207726460315139416e+00
1.060312499999999991e+00 8.737798783814753056e-01 3.207726460315139416e+00
1.090624999999999956e+00 8.416770055384813487e-01 3.207726460315139416e+00
1.104886864693541249e+00 8.250000000000001776e-01 3.207726460315139416e+00
1.120937499999999698e+00 8.081059179947523985e-01 3.207726460315139416e+00
1.151250000000000107e+00 7.723901834617179496e-01 3.207726460315139416e+00
1.163645714553283028e+00 7.562500000000000888e-01 3.207726460315139416e+00
1.181562500000000071e+00 7.339204881182950224e-01 3.207726460315139416e+00
1.211875000000000036e+00 6.908520037717837958e-01 3.207726460315139416e+00
1.214017975279167771e+00 6.875000000000000000e-01 3.207726460315139416e+00
1.242187500000000000e+00 6.420204983883863736e-01 3.207726460315139416e+00
1.254667299134986980e+00 6.187499999999999112e-01 3.207726460315139416e+00
1.272499999999999964e+00 5.827095503508616936e-01 3.207726460315139416e+00
1.286362077224976641e+00 5.499999999999998224e-01 3.207726460315139416e+00
1.302812499999999929e+00 5.062572207353313036e-01 3.207726460315139416e+00
1.310861197479687101e+00 4.812500000000001776e-01 3.207726460315139416e+00
1.330827064950457661e+00 4.125000000000000888e-01 3.207726460315139416e+00
1.333125000000000338e+00 4.044867964182141118e-01 3.207726460315139416e+00
1.348713230340498725e+00 3.437500000000000000e-01 3.207726460315139416e+00
1.363437500000000080e+00 2.878502813458551080e-01 3.207726460315139416e+00
1.366626404981375886e+00 2.749999999999999112e-01 3.207726460315139416e+00
1.384559858717028247e+00 2.062499999999998224e-01 3.207726460315139416e+00
1.393750000000000044e+00 1.673535096426598812e-01 3.207726460315139416e+00
1.401040914558805639e+00 1.375000000000001776e-01 3.207726460315139416e+00
1.412953066013118875e+00 6.875000000000008882e-02 3.207726460315139416e+00
1.417500156861630334e+00 0.000000000000000000e+00 3.207726460315139416e+00
1.413636678560565407e+00 -6.875000000000008882e-02 3.207726460315139416e+00
1.402142016584796647e+00 -1.375000000000001776e-01 3.207726460315139416e+00
1.393750000000000044e+00 -1.718721410079140921e-01 3.207726460315139416e+00
1.385624182046395703e+00 -2.062500000000000444e-01 3.207726460315139416e+00
1.367250680562806409e+00 -2.749999999999999112e-01 3.207726460315139416e+00
1.363437500000000080e+00 -2.897621899036056936e-01 3.207726460315139416e+00
1.348714370249569638e+00 -3.437500000000000000e-01 3.207726460315139416e+00
1.333124999999999893e+00 -4.026014620283338563e-01 3.207726460315139416e+00
1.330205965218888231e+00 -4.125000000000000333e-01 3.207726460315139416e+00
1.309809161895153951e+00 -4.812499999999999556e-01 3.207726460315139416e+00
1.302812499999999929e+00 -5.029867056778702938e-01 3.207726460315139416e+00
1.285114435235711117e+00 -5.500000000000000444e-01 3.207726460315139416e+00
1.272499999999999964e+00 -5.800471549827785900e-01 3.207726460315139416e+00
1.253486591339342704e+00 -6.187500000000001332e-01 3.207726460315139416e+00
1.242187500000000000e+00 -6.400698717161175111e-01 3.207726460315139416e+00
1.213050123456754781e+00 -6.875000000000000000e-01 3.207726460315139416e+00
1.211875000000000036e+00 -6.893569055317135819e-01 3.207726460315139416e+00
1.181562500000000071e+00 -7.327829650681019213e-01 3.207726460315139416e+00
1.162781489830126969e+00 -7.562500000000000888e-01 3.207726460315139416e+00
1.151250000000000107e+00 -7.712971448854826217e-01 3.207726460315139416e+00
1.120937500000000142e+00 -8.070190247726010124e-01 3.207726460315139416e+00
1.103802750099170060e+00 -8.250000000000001776e-01 3.207726460315139416e+00
1.090624999999999956e+00 -8.403334171226595206e-01 3.207726460315139416e+00
1.060312499999999991e+00 -8.722693315353079457e-01 3.207726460315139416e+00
1.037562248550442767e+00 -8.937500000000000444e-01 3.207726460315139416e+00
1.030000000000000027e+00 -9.020307728944877423e-01 3.207726460315139416e+00
9.996875000000000622e-01 -9.321374593367814931e-01 3.207726460315139416e+00
9.693749999999998757e-01 -9.594891611508601370e-01 3.207726460315139416e+00
9.656816566694729209e-01 -9.625000000000001332e-01 3.207726460315139416e+00
9.390624999999999112e-01 -9.886300337451923159e-01 3.207726460315139416e+00
9.087500000000000577e-01 -1.016411822941485799e+00 3.207726460315139416e+00
8.915022739500637616e-01 -1.031250000000000000e+00 3.207726460315139416e+00
8.784374999999999822e-01 -1.044997833124984510e+00 3.207726460315139416e+00
8.481250000000000178e-01 -1.076003583213119397e+00 3.207726460315139416e+00
8.250315840953286184e-01 -1.100000000000000089e+00 3.207726460315139416e+00
8.178125000000000533e-01 -1.109439930018491172e+00 3.207726460315139416e+00
7.875000000000000888e-01 -1.151423083640892298e+00 3.207726460315139416e+00
7.761530750118135202e-01 -1.168750000000000178e+00 3.207726460315139416e+00
7.571874999999999023e-01 -1.210558975802586534e+00 3.207726460315139416e+00
7.468697243069124525e-01 -1.237500000000000044e+00 3.207726460315139416e+00
7.326444132272437182e-01 -1.306250000000000133e+00 3.207726460315139416e+00
7.291365319159162084e-01 -1.375000000000000000e+00 3.207726460315139416e+00
7.342750985679196152e-01 -1.443750000000000089e+00 3.207726460315139416e+00
7.496641295758053047e-01 -1.512500000000000178e+00 3.207726460315139416e+00
7.571874999999999023e-01 -1.530186365907892698e+00 3.207726460315139416e+00
7.779844541579810091e-01 -1.581250000000000266e+00 3.207726460315139416e+00
7.875000000000000888e-01 -1.598111010163093537e+00 3.207726460315139416e+00
8.178125000000000533e-01 -1.645295147871037589e+00 3.207726460315139416e+00
8.214978314057893583e-01 -1.650000000000000133e+00 3.207726460315139416e+00
8.481250000000000178e-01 -1.686587002162650784e+00 3.207726460315139416e+00
8.776006128301758746e-01 -1.718750000000000222e+00 3.207726460315139416e+00
8.784374999999999822e-01 -1.719879642021886257e+00 3.207726460315139416e+00
9.087499999999999467e-01 -1.756001402552705981e+00 3.207726460315139416e+00
9.390624999999999112e-01 -1.787349555181454885e+00 3.207726460315139416e+00
9.392207165072314901e-01 -1.787500000000000089e+00 3.207726460315139416e+00
9.693749999999998757e-01 -1.823678693536170403e+00 3.207726460315139416e+00
9.984177797288573686e-01 -1.856249999999999956e+00 3.207726460315139416e+00
9.996875000000001732e-01 -1.857972957208028131e+00 3.207726460315139416e+00
1.030000000000000027e+00 -1.897064836422446055e+00 3.207726460315139416e+00
1.052681257613946597e+00 -1.925000000000000266e+00 3.207726460315139416e+00
1.060312499999999991e+00 -1.935869811109291350e+00 3.207726460315139416e+00
1.090624999999999956e+00 -1.976951072548346122e+00 3.207726460315139416e+00
1.103591433235148855e+00 -1.993749999999999911e+00 3.207726460315139416e+00
1.120937499999999920e+00 -2.018605681603370172e+00 3.207726460315139416e+00
1.151250000000000107e+00 -2.059544230670922182e+00 3.207726460315139416e+00
1.153526023544533041e+00 -2.062500000000000000e+00 3.207726460315139416e+00
1.181562500000000071e+00 -2.101531622687073053e+00 3.207726460315139416e+00
1.204309017442187324e+00 -2.131250000000000089e+00 3.207726460315139416e+00
1.211875000000000036e+00 -2.141668249212574260e+00 3.207726460315139416e+00
1.242187500000000000e+00 -2.181489072200225365e+00 3.207726460315139416e+00
1.257139772484784146e+00 -2.200000000000000178e+00 3.207726460315139416e+00
