7.268749999999999378e-01 -5.510966875548817256e-01 3.087117747404338086e+00
7.255887307607427061e-01 -5.500000000000000444e-01 3.087117747404338086e+00
6.965624999999999734e-01 -5.228541694290149699e-01 3.087117747404338086e+00
6.662500000000000089e-01 -4.867151365802885876e-01 3.087117747404338086e+00
6.623096972657218640e-01 -4.812499999999999556e-01 3.087117747404338086e+00
6.359375000000000444e-01 -4.392780448332015419e-01 3.087117747404338086e+00
6.215341256248078095e-01 -4.125000000000000888e-01 3.087117747404338086e+00
6.056250000000000799e-01 -3.770077217994364238e-01 3.087117747404338086e+00
5.922513016121115914e-01 -3.437500000000000000e-01 3.087117747404338086e+00
5.753124999999998934e-01 -2.904153488851355380e-01 3.087117747404338086e+00
5.707520966806628460e-01 -2.749999999999999112e-01 3.087117747404338086e+00
5.552058303851563625e-01 -2.062500000000000444e-01 3.087117747404338086e+00
5.449999999999999289e-01 -1.397734963285646448e-01 3.087117747404338086e+00
5.446585854584459208e-01 -1.375000000000001776e-01 3.087117747404338086e+00
5.384089097272302116e-01 -6.875000000000008882e-02 3.087117747404338086e+00
5.362834933911003743e-01 0.000000000000000000e+00 3.087117747404338086e+00
5.381698360358085909e-01 6.875000000000008882e-02 3.087117747404338086e+00
5.441647565944288667e-01 1.375000000000001776e-01 3.087117747404338086e+00
5.449999999999999289e-01 1.432012974120645821e-01 3.087117747404338086e+00
5.544367457172758584e-01 2.062499999999998224e-01 3.087117747404338086e+00
5.696450548321354557e-01 2.749999999999999112e-01 3.087117747404338086e+00
5.753124999999998934e-01 2.944490303755582516e-01 3.087117747404338086e+00
5.907249662453813999e-01 3.437500000000000000e-01 3.087117747404338086e+00
6.056250000000000799e-01 3.812851679092286172e-01 3.087117747404338086e+00
6.194277757982806776e-01 4.125000000000000888e-01 3.087117747404338086e+00
6.359375000000000444e-01 4.435459180776364363e-01 3.087117747404338086e+00
6.593438297285726390e-01 4.812500000000001776e-01 3.087117747404338086e+00
6.662500000000000089e-01 4.909266529767137843e-01 3.087117747404338086e+00
6.965624999999999734e-01 5.270755373577544756e-01 3.087117747404338086e+00
7.208291873272600903e-01 5.499999999999998224e-01 3.087117747404338086e+00
7.268749999999999378e-01 5.551973331964245029e-01 3.087117747404338086e+00
7.571874999999999023e-01 5.762245102099297078e-01 3.087117747404338086e+00
7.875000000000000888e-01 5.914444617513018310e-01 3.087117747404338086e+00
8.178125000000000533e-01 6.015615882189784269e-01 3.087117747404338086e+00
8.481250000000000178e-01 6.071017048094700108e-01 3.087117747404338086e+00
8.784374999999999822e-01 6.084449193050462945e-01 3.087117747404338086e+00
9.087499999999998357e-01 6.058478296945596364e-01 3.087117747404338086e+00
9.390624999999999112e-01 5.994566014571162116e-01 3.087117747404338086e+00
9.693749999999998757e-01 5.893112928239034876e-01 3.087117747404338086e+00
9.996875000000000622e-01 5.753405359359546889e-01 3.087117747404338086e+00
1.030000000000000027e+00 5.573440455745282129e-01 3.087117747404338086e+00
1.039941959782876735e+00 5.499999999999998224e-01 3.087117747404338086e+00
1.060312499999999991e+00 5.347744908810293518e-01 3.087117747404338086e+00
1.090624999999999956e+00 5.072512987886979019e-01 3.087117747404338086e+00
1.114485764916104849e+00 4.812500000000001776e-01 3.087117747404338086e+00
1.120937499999999920e+00 4.738464466308331957e-01 3.087117747404338086e+00
1.151250000000000107e+00 4.327717491718245935e-01 3.087117747404338086e+00
1.163984097874202872e+00 4.125000000000000888e-01 3.087117747404338086e+00
1.181562500000000071e+00 3.820778230348448323e-01 3.087117747404338086e+00
1.200704114192519434e+00 3.437500000000000000e-01 3.087117747404338086e+00
1.211875000000000036e+00 3.187911067070879345e-01 3.087117747404338086e+00
1.229258924732057556e+00 2.749999999999999112e-01 3.087117747404338086e+00
1.242187500000000000e+00 2.372973195764870313e-01 3.087117747404338086e+00
1.251916764858207687e+00 2.062499999999998224e-01 3.087117747404338086e+00
1.269147327892410804e+00 1.375000000000001776e-01 3.087117747404338086e+00
1.272499999999999964e+00 1.171458682476137492e-01 3.087117747404338086e+00
1.280020276989105810e+00 6.875000000000008882e-02 3.087117747404338086e+00
1.283841728739724575e+00 0.000000000000000000e+00 3.087117747404338086e+00
1.280210676552056448e+00 -6.875000000000008882e-02 3.087117747404338086e+00
1.272499999999999964e+00 -1.186535072226640730e-01 3.087117747404338086e+00
1.269407751299650888e+00 -1.375000000000001776e-01 3.087117747404338086e+00
1.252022753413556400e+00 -2.062500000000000444e-01 3.087117747404338086e+00
1.242187500000000000e+00 -2.371569982453171077e-01 3.087117747404338086e+00
1.229020073076888320e+00 -2.749999999999999112e-01 3.087117747404338086e+00
1.211875000000000036e+00 -3.175261437155555422e-01 3.087117747404338086e+00
1.199969680505153846e+00 -3.437500000000000000e-01 3.087117747404338086e+00
1.181562500000000071e+00 -3.801760870248299118e-01 3.087117747404338086e+00
1.162682094361938701e+00 -4.125000000000000888e-01 3.087117747404338086e+00
1.151250000000000107e+00 -4.305691510412446577e-01 3.087117747404338086e+00
1.120937499999999920e+00 -4.714049527716639987e-01 3.087117747404338086e+00
1.112298341984245376e+00 -4.812499999999999556e-01 3.087117747404338086e+00
1.090624999999999956e+00 -5.047740876814622579e-01 3.087117747404338086e+00
1.060312499999999991e+00 -5.321811627680694823e-01 3.087117747404338086e+00
1.036341309371639596e+00 -5.500000000000000444e-01 3.087117747404338086e+00
1.030000000000000027e+00 -5.546687574906794538e-01 3.087117747404338086e+00
9.996875000000000622e-01 -5.725643620736327044e-01 3.087117747404338086e+00
9.693749999999998757e-01 -5.864099516921461586e-01 3.087117747404338086e+00
9.390624999999999112e-01 -5.964133140882231787e-01 3.087117747404338086e+00
9.087499999999999467e-01 -6.026514311267003876e-01 3.087117747404338086e+00
8.784374999999999822e-01 -6.050887629230291553e-01 3.087117747404338086e+00
8.481250000000000178e-01 -6.035831660350411410e-01 3.087117747404338086e+00
8.178124999999999423e-01 -5.978820958648469741e-01 3.087117747404338086e+00
7.875000000000000888e-01 -5.876100727468147600e-01 3.087117747404338086e+00
7.571874999999999023e-01 -5.722471181741474178e-01 3.087117747404338086e+00
7.268749999999999378e-01 -5.510966875548817256e-01 3.087117747404338086e+00
