6.662500000000000089e-01 -7.065847182512596802e-01 3.136773195851846996e+00
6.434667957741544431e-01 -6.875000000000000000e-01 3.136773195851846996e+00
6.359375000000000444e-01 -6.809612683956693946e-01 3.136773195851846996e+00
6.056250000000000799e-01 -6.487100124330849038e-01 3.136773195851846996e+00
5.832846614619221493e-01 -6.187500000000001332e-01 3.136773195851846996e+00
5.753124999999998934e-01 -6.071872134336587790e-01 3.136773195851846996e+00
5.449999999999999289e-01 -5.552086539712320912e-01 3.136773195851846996e+00
5.423272552281429570e-01 -5.500000000000000444e-01 3.136773195851846996e+00
5.146874999999999645e-01 -4.890745055789689211e-01 3.136773195851846996e+00
5.115015522587155195e-01 -4.812499999999999556e-01 3.136773195851846996e+00
4.874744519023030964e-01 -4.125000000000000888e-01 3.136773195851846996e+00
4.843750000000000000e-01 -4.017165902074495976e-01 3.136773195851846996e+00
4.685196961083616385e-01 -3.437500000000000000e-01 3.136773195851846996e+00
4.541035267210076221e-01 -2.749999999999999112e-01 3.136773195851846996e+00
4.540624999999999800e-01 -2.747459133513129870e-01 3.136773195851846996e+00
4.430351566570812638e-01 -2.062500000000000444e-01 3.136773195851846996e+00
4.354593728311924039e-01 -1.375000000000001776e-01 3.136773195851846996e+00
4.310157558705122183e-01 -6.875000000000008882e-02 3.136773195851846996e+00
4.294965455660788578e-01 0.000000000000000000e+00 3.136773195851846996e+00
4.308305577994022140e-01 6.875000000000008882e-02 3.136773195851846996e+00
4.350769296948496789e-01 1.375000000000001776e-01 3.136773195851846996e+00
4.424295991644652259e-01 2.062499999999998224e-01 3.136773195851846996e+00
4.532334033471009382e-01 2.749999999999999112e-01 3.136773195851846996e+00
4.540624999999999800e-01 2.791022899500287258e-01 3.136773195851846996e+00
4.673712419549364006e-01 3.437500000000000000e-01 3.136773195851846996e+00
4.843750000000000000e-01 4.068744584130758457e-01 3.136773195851846996e+00
4.859660248790653725e-01 4.125000000000000888e-01 3.136773195851846996e+00
5.094572486043008608e-01 4.812500000000001776e-01 3.136773195851846996e+00
5.146874999999999645e-01 4.942770147550511473e-01 3.136773195851846996e+00
5.395922012957085068e-01 5.499999999999998224e-01 3.136773195851846996e+00
5.449999999999999289e-01 5.606813462502868717e-01 3.136773195851846996e+00
5.753124999999998934e-01 6.126920790852231624e-01 3.136773195851846996e+00
5.794347536870088078e-01 6.187499999999999112e-01 3.136773195851846996e+00
6.056250000000000799e-01 6.542768610671905183e-01 3.136773195851846996e+00
6.359375000000000444e-01 6.863122697473060807e-01 3.136773195851846996e+00
6.372904781985209155e-01 6.875000000000000000e-01 3.136773195851846996e+00
6.662500000000000089e-01 7.119721612822397239e-01 3.136773195851846996e+00
6.965624999999999734e-01 7.308119670660879752e-01 3.136773195851846996e+00
7.268749999999999378e-01 7.440278321258475547e-01 3.136773195851846996e+00
7.571874999999997913e-01 7.525482658004870595e-01 3.136773195851846996e+00
7.818172601025570323e-01 7.562500000000000888e-01 3.136773195851846996e+00
7.875000000000000888e-01 7.571184256996363882e-01 3.136773195851846996e+00
8.178125000000000533e-01 7.581651656139902773e-01 3.136773195851846996e+00
8.414276864011484003e-01 7.562500000000000888e-01 3.136773195851846996e+00
8.481250000000000178e-01 7.557756304590074192e-01 3.136773195851846996e+00
8.784375000000000933e-01 7.505552581952085189e-01 3.136773195851846996e+00
9.087499999999999467e-01 7.424642777436666341e-01 3.136773195851846996e+00
9.390624999999999112e-01 7.315218037691633146e-01 3.136773195851846996e+00
9.693749999999998757e-01 7.176526257034576695e-01 3.136773195851846996e+00
9.996875000000000622e-01 7.006784115203741337e-01 3.136773195851846996e+00
1.019268169165959304e+00 6.875000000000000000e-01 3.136773195851846996e+00
1.030000000000000027e+00 6.807052899901275822e-01 3.136773195851846996e+00
1.060312499999999991e+00 6.579572095669232734e-01 3.136773195851846996e+00
1.090624999999999956e+00 6.311838888436076545e-01 3.136773195851846996e+00
1.102728182036620375e+00 6.187499999999999112e-01 3.136773195851846996e+00
1.120937499999999920e+00 6.001672361770921116e-01 3.136773195851846996e+00
1.151250000000000107e+00 5.639396591613276000e-01 3.136773195851846996e+00
1.161304729971171845e+00 5.499999999999998224e-01 3.136773195851846996e+00
1.181562500000000071e+00 5.207902928367594830e-01 3.136773195851846996e+00
1.204877874711373531e+00 4.812500000000001776e-01 3.136773195851846996e+00
1.211875000000000036e+00 4.685625355155649263e-01 3.136773195851846996e+00
1.238500770077667346e+00 4.125000000000000888e-01 3.136773195851846996e+00
1.242187500000000000e+00 4.040810223365544629e-01 3.136773195851846996e+00
1.265468369033286633e+00 3.437500000000000000e-01 3.136773195851846996e+00
1.272499999999999964e+00 3.238637340531107522e-01 3.136773195851846996e+00
1.288225990898065998e+00 2.749999999999999112e-01 3.136773195851846996e+00
1.302812499999999929e+00 2.246879995317065393e-01 3.136773195851846996e+00
1.307872793284979629e+00 2.062499999999998224e-01 3.136773195851846996e+00
1.323632711402826789e+00 1.375000000000001776e-01 3.136773195851846996e+00
1.333125000000000115e+00 7.656571893667049600e-02 3.136773195851846996e+00
1.334326973749486944e+00 6.875000000000008882e-02 3.136773195851846996e+00
1.338171161940929332e+00 0.000000000000000000e+00 3.136773195851846996e+00
1.334667329885077303e+00 -6.875000000000008882e-02 3.136773195851846996e+00
1.333125000000000115e+00 -7.896775149056284304e-02 3.136773195851846996e+00
1.324154903217095836e+00 -1.375000000000001776e-01 3.136773195851846996e+00
1.308292011178959324e+00 -2.062500000000000444e-01 3.136773195851846996e+00
1.302812499999999929e+00 -2.258541728933007309e-01 3.136773195851846996e+00
1.288320505747615918e+00 -2.749999999999999112e-01 3.136773195851846996e+00
1.272499999999999964e+00 -3.231599499453933766e-01 3.136773195851846996e+00
1.265083940040703681e+00 -3.437500000000000000e-01 3.136773195851846996e+00
1.242187500000000222e+00 -4.021794391446174566e-01 3.136773195851846996e+00
1.237605102890317221e+00 -4.125000000000000888e-01 3.136773195851846996e+00
1.211875000000000036e+00 -4.662275813719654050e-01 3.136773195851846996e+00
1.203525252250772892e+00 -4.812500000000000111e-01 3.136773195851846996e+00
1.181562500000000071e+00 -5.184061181638327520e-01 3.136773195851846996e+00
1.159580312223060794e+00 -5.500000000000000444e-01 3.136773195851846996e+00
1.151250000000000107e+00 -5.615581223499052088e-01 3.136773195851846996e+00
1.120937499999999698e+00 -5.978392153312775958e-01 3.136773195851846996e+00
1.100396894473318010e+00 -6.187500000000001332e-01 3.136773195851846996e+00
1.090624999999999956e+00 -6.287873605243754493e-01 3.136773195851846996e+00
1.060312499999999991e+00 -6.555460204106582367e-01 3.136773195851846996e+00
1.030000000000000027e+00 -6.782155632113914256e-01 3.136773195851846996e+00
1.015259419593878665e+00 -6.875000000000000000e-01 3.136773195851846996e+00
9.996875000000000622e-01 -6.979411904535725020e-01 3.136773195851846996e+00
9.693749999999998757e-01 -7.147938366983543901e-01 3.136773195851846996e+00
9.390624999999998002e-01 -7.285072554459044447e-01 3.136773195851846996e+00
9.087499999999999467e-01 -7.392668605543430971e-01 3.136773195851846996e+00
8.784375000000000933e-01 -7.471519375101266514e-01 3.136773195851846996e+00
8.481250000000000178e-01 -7.521454763254690201e-01 3.136773195851846996e+00
8.178125000000000533e-01 -7.541349110445324522e-01 3.136773195851846996e+00
7.875000000000000888e-01 -7.529044157206228327e-01 3.136773195851846996e+00
7.571874999999999023e-01 -7.481181357715033231e-01 3.136773195851846996e+00
7.268749999999999378e-01 -7.392927006693238434e-01 3.136773195851846996e+00
6.965624999999999734e-01 -7.257557560423686382e-01 3.136773195851846996e+00
6.662500000000000089e-01 -7.065847182512597913e-01 3.136773195851846996e+00
