5.146874999999999645e-01 -9.847778346499669322e-01 2.300000000000000000e+02
5.059388230780270668e-01 -9.625000000000001332e-01 2.300000000000000000e+02
4.843750000000000000e-01 -9.240500282315476932e-01 2.300000000000000000e+02
4.740221082094450700e-01 -8.937500000000000444e-01 2.300000000000000000e+02
4.540624999999999800e-01 -8.473079467236144247e-01 2.300000000000000000e+02
4.468980710561988312e-01 -8.250000000000001776e-01 2.300000000000000000e+02
4.237500000000000155e-01 -7.621319385320511897e-01 2.300000000000000000e+02
4.219470312747259366e-01 -7.562500000000000888e-01 2.300000000000000000e+02
3.988048132883068031e-01 -6.875000000000000000e-01 2.300000000000000000e+02
3.934374999999999956e-01 -6.711106999154341501e-01 2.300000000000000000e+02
3.777449009544944225e-01 -6.187500000000001332e-01 2.300000000000000000e+02
3.631249999999999756e-01 -5.646817283140598276e-01 2.300000000000000000e+02
3.593455046652599405e-01 -5.500000000000000444e-01 2.300000000000000000e+02
3.431223761456425048e-01 -4.812500000000000111e-01 2.300000000000000000e+02
3.328125000000000111e-01 -4.284160570264440304e-01 2.300000000000000000e+02
3.297038387521932234e-01 -4.125000000000000888e-01 2.300000000000000000e+02
3.182232820044230137e-01 -3.437500000000000000e-01 2.300000000000000000e+02
3.093644900900425765e-01 -2.749999999999999112e-01 2.300000000000000000e+02
3.027993159929606160e-01 -2.062500000000000444e-01 2.300000000000000000e+02
3.024999999999999911e-01 -2.018709224615804487e-01 2.300000000000000000e+02
2.977559592677531120e-01 -1.375000000000001776e-01 2.300000000000000000e+02
2.947581770436306092e-01 -6.875000000000008882e-02 2.300000000000000000e+02
2.937265019336996463e-01 0.000000000000000000e+00 2.300000000000000000e+02
2.946188517922455063e-01 6.875000000000008882e-02 2.300000000000000000e+02
2.974702984886281598e-01 1.375000000000001776e-01 2.300000000000000000e+02
3.023825289715715847e-01 2.062499999999998224e-01 2.300000000000000000e+02
3.024999999999999911e-01 2.074373717526568905e-01 2.300000000000000000e+02
3.087842762568919763e-01 2.749999999999999112e-01 2.300000000000000000e+02
3.174188493835488067e-01 3.437500000000000000e-01 2.300000000000000000e+02
3.286047714961137789e-01 4.125000000000000888e-01 2.300000000000000000e+02
3.328125000000000111e-01 4.344511939025678671e-01 2.300000000000000000e+02
3.417631893933597009e-01 4.812500000000001221e-01 2.300000000000000000e+02
3.574787933385151217e-01 5.499999999999998224e-01 2.300000000000000000e+02
3.631249999999999756e-01 5.724330168104645455e-01 2.300000000000000000e+02
3.753520688017066842e-01 6.187499999999999112e-01 2.300000000000000000e+02
3.934374999999999956e-01 6.806240793663292932e-01 2.300000000000000000e+02
3.956307286167867199e-01 6.875000000000000000e-01 2.300000000000000000e+02
4.174222619202092588e-01 7.562500000000000888e-01 2.300000000000000000e+02
4.237500000000000711e-01 7.776808225009912423e-01 2.300000000000000000e+02
4.405415058543653006e-01 8.250000000000001776e-01 2.300000000000000000e+02
4.540624999999999800e-01 8.686537973730822371e-01 2.300000000000000000e+02
4.644869419620346607e-01 8.937500000000002665e-01 2.300000000000000000e+02
4.843750000000000000e-01 9.533650706878642467e-01 2.300000000000000000e+02
4.893921931550659910e-01 9.624999999999998002e-01 2.300000000000000000e+02
5.146874999999999645e-01 1.026764076427926442e+00 2.300000000000000000e+02
5.202843550129245820e-01 1.031250000000000000e+00 2.300000000000000000e+02
5.449999999999999289e-01 1.068704662307222053e+00 2.300000000000000000e+02
5.753124999999998934e-01 1.058619902228626453e+00 2.300000000000000000e+02
6.056250000000000799e-01 1.046060102671406478e+00 2.300000000000000000e+02
6.359375000000000444e-01 1.032635339649530470e+00 2.300000000000000000e+02
6.383557770229202344e-01 1.031250000000000000e+00 2.300000000000000000e+02
6.662500000000000089e-01 1.022467621442993302e+00 2.300000000000000000e+02
6.965624999999999734e-01 1.011354716767306705e+00 2.300000000000000000e+02
7.268749999999999378e-01 9.989695294710116968e-01 2.300000000000000000e+02
7.571874999999999023e-01 9.853270963252909187e-01 2.300000000000000000e+02
7.875000000000000888e-01 9.703601720719035040e-01 2.300000000000000000e+02
8.015112941109190370e-01 9.624999999999999112e-01 2.300000000000000000e+02
8.178125000000000533e-01 9.555500024732463960e-01 2.300000000000000000e+02
8.481250000000000178e-01 9.407162722129227550e-01 2.300000000000000000e+02
8.784374999999999822e-01 9.240572125297319417e-01 2.300000000000000000e+02
9.087499999999999467e-01 9.052673102990799192e-01 2.300000000000000000e+02
9.250865103500331976e-01 8.937500000000002665e-01 2.300000000000000000e+02
9.390624999999999112e-01 8.856476814886404814e-01 2.300000000000000000e+02
9.693749999999998757e-01 8.655818271878357173e-01 2.300000000000000000e+02
9.996875000000000622e-01 8.426999206637736384e-01 2.300000000000000000e+02
1.020297651336104616e+00 8.250000000000001776e-01 2.300000000000000000e+02
1.030000000000000027e+00 8.177851508264381009e-01 2.300000000000000000e+02
1.060312499999999991e+00 7.922219975557587279e-01 2.300000000000000000e+02
1.090624999999999956e+00 7.628416853663491093e-01 2.300000000000000000e+02
1.096709091515908563e+00 7.562500000000000888e-01 2.300000000000000000e+02
1.120937499999999920e+00 7.320773669630949998e-01 2.300000000000000000e+02
1.151250000000000107e+00 6.971108483123821253e-01 2.300000000000000000e+02
1.158672119951285273e+00 6.875000000000000000e-01 2.300000000000000000e+02
1.181562500000000071e+00 6.584598454080767826e-01 2.300000000000000000e+02
1.208204610028138726e+00 6.187499999999999112e-01 2.300000000000000000e+02
1.211875000000000036e+00 6.131404760870822201e-01 2.300000000000000000e+02
1.242187500000000000e+00 5.596015872606623365e-01 2.300000000000000000e+02
1.246876982798598155e+00 5.499999999999998224e-01 2.300000000000000000e+02
1.272499999999999964e+00 4.927582718821640340e-01 2.300000000000000000e+02
1.276915865783160520e+00 4.812500000000001776e-01 2.300000000000000000e+02
1.301015858972290440e+00 4.125000000000000888e-01 2.300000000000000000e+02
1.302812499999999929e+00 4.071057505855664727e-01 2.300000000000000000e+02
1.321709893787783807e+00 3.437500000000000000e-01 2.300000000000000000e+02
1.333125000000000115e+00 3.040655806519447779e-01 2.300000000000000000e+02
1.340948575341449400e+00 2.749999999999999112e-01 2.300000000000000000e+02
1.359082682222568783e+00 2.062499999999998224e-01 2.300000000000000000e+02
1.363437500000000080e+00 1.872643942022162444e-01 2.300000000000000000e+02
1.374992213050168388e+00 1.375000000000001776e-01 2.300000000000000000e+02
1.386138795055039008e+00 6.875000000000008882e-02 2.300000000000000000e+02
1.390309308448481440e+00 0.000000000000000000e+00 2.300000000000000000e+02
1.386679084526697636e+00 -6.875000000000008882e-02 2.300000000000000000e+02
1.375856292654994206e+00 -1.375000000000001776e-01 2.300000000000000000e+02
1.363437500000000080e+00 -1.908308145309117188e-01 2.300000000000000000e+02
1.359888597792319631e+00 -2.062500000000000444e-01 2.300000000000000000e+02
1.341378098400795027e+00 -2.749999999999999112e-01 2.300000000000000000e+02
1.333125000000000115e+00 -3.047268593542202253e-01 2.300000000000000000e+02
1.321588507123077072e+00 -3.437500000000000000e-01 2.300000000000000000e+02
1.302812499999999929e+00 -4.052439413146849967e-01 2.300000000000000000e+02
1.300344659487967736e+00 -4.125000000000000888e-01 2.300000000000000000e+02
1.275843386977296934e+00 -4.812499999999999556e-01 2.300000000000000000e+02
1.272499999999999964e+00 -4.899569639097172136e-01 2.300000000000000000e+02
1.245581725029226927e+00 -5.500000000000000444e-01 2.300000000000000000e+02
1.242187500000000000e+00 -5.569944561622059975e-01 2.300000000000000000e+02
1.211875000000000036e+00 -6.110032667725517896e-01 2.300000000000000000e+02
1.206815891636475069e+00 -6.187500000000002442e-01 2.300000000000000000e+02
1.181562500000000071e+00 -6.565836502713850997e-01 2.300000000000000000e+02
1.157240517520670586e+00 -6.875000000000000000e-01 2.300000000000000000e+02
1.151250000000000107e+00 -6.952858436981013135e-01 2.300000000000000000e+02
1.120937499999999920e+00 -7.303832576275988142e-01 2.300000000000000000e+02
1.094959354713341604e+00 -7.562500000000000888e-01 2.300000000000000000e+02
1.090624999999999956e+00 -7.609381102060220892e-01 2.300000000000000000e+02
1.060312499999999991e+00 -7.902846264124367970e-01 2.300000000000000000e+02
1.030000000000000027e+00 -8.157567706567101506e-01 2.300000000000000000e+02
1.017487235534214385e+00 -8.250000000000001776e-01 2.300000000000000000e+02
9.996875000000000622e-01 -8.401896240611004263e-01 2.300000000000000000e+02
9.693749999999998757e-01 -8.629279388871750056e-01 2.300000000000000000e+02
9.390624999999999112e-01 -8.828291650035097193e-01 2.300000000000000000e+02
9.200634416052793085e-01 -8.937500000000000444e-01 2.300000000000000000e+02
9.087499999999999467e-01 -9.016676509594416800e-01 2.300000000000000000e+02
8.784374999999999822e-01 -9.202380861555019553e-01 2.300000000000000000e+02
8.481250000000000178e-01 -9.366496572821834121e-01 2.300000000000000000e+02
8.178125000000000533e-01 -9.511750667771113887e-01 2.300000000000000000e+02
7.910016075210322128e-01 -9.625000000000001332e-01 2.300000000000000000e+02
7.875000000000000888e-01 -9.644510652950752938e-01 2.300000000000000000e+02
7.571874999999999023e-01 -9.788200880971399398e-01 2.300000000000000000e+02
7.268749999999999378e-01 -9.917169501169484924e-01 2.300000000000000000e+02
6.965624999999999734e-01 -1.003128465994391316e+00 2.300000000000000000e+02
6.662500000000000089e-01 -1.012922163207890192e+00 2.300000000000000000e+02
6.359375000000000444e-01 -1.020741013302288058e+00 2.300000000000000000e+02
6.056250000000000799e-01 -1.025789571506221520e+00 2.300000000000000000e+02
5.753124999999998934e-01 -1.026282864101877079e+00 2.300000000000000000e+02
5.449999999999999289e-01 -1.017680583044234366e+00 2.300000000000000000e+02
5.146874999999999645e-01 -9.847778346499669322e-01 2.300000000000000000e+02
