  132    /H + 0  PHOTON EMISSIVITY COEFFICIENTS

  6561.9A   24  29 /FILMEM = BNDLEN /TYPE = RECOM     /INDM = 1 /ISEL=   69
 5.00E+07 1.00E+08 2.00E+08 5.00E+08 1.00E+09 2.00E+09 5.00E+09 1.00E+10
 2.00E+10 5.00E+10 1.00E+11 2.00E+11 5.00E+11 1.00E+12 2.00E+12 5.00E+12
 1.00E+13 2.00E+13 5.00E+13 1.00E+14 2.00E+14 5.00E+14 1.00E+15 2.00E+15
 2.00E-01 3.00E-01 5.00E-01 7.00E-01 1.00E+00 1.50E+00 2.00E+00 3.00E+00
 5.00E+00 7.00E+00 1.00E+01 1.50E+01 2.00E+01 3.00E+01 5.00E+01 7.00E+01
 1.00E+02 1.50E+02 2.00E+02 3.00E+02 5.00E+02 7.00E+02 1.00E+03 1.50E+03
 2.00E+03 3.00E+03 5.00E+03 7.00E+03 1.00E+04
 1.33E-13 9.25E-14 5.94E-14 4.44E-14 3.24E-14 2.25E-14 1.73E-14 1.17E-14
 7.05E-15 4.97E-15 3.39E-15 2.17E-15 1.56E-15 9.75E-16 5.29E-16 3.50E-16
 2.24E-16 1.33E-16 9.19E-17 5.39E-17 2.72E-17 1.72E-17 1.05E-17 5.98E-18
 3.99E-18 2.25E-18 1.08E-18 6.65E-19 3.96E-19
 1.38E-13 9.49E-14 6.04E-14 4.49E-14 3.27E-14 2.27E-14 1.73E-14 1.17E-14
 7.06E-15 4.98E-15 3.39E-15 2.17E-15 1.56E-15 9.75E-16 5.29E-16 3.50E-16
 2.24E-16 1.33E-16 9.18E-17 5.39E-17 2.72E-17 1.72E-17 1.05E-17 5.98E-18
 3.99E-18 2.25E-18 1.08E-18 6.65E-19 3.96E-19
 1.44E-13 9.80E-14 6.16E-14 4.56E-14 3.31E-14 2.28E-14 1.74E-14 1.18E-14
 7.07E-15 4.98E-15 3.40E-15 2.17E-15 1.56E-15 9.75E-16 5.28E-16 3.49E-16
 2.24E-16 1.33E-16 9.18E-17 5.38E-17 2.71E-17 1.72E-17 1.05E-17 5.98E-18
 3.99E-18 2.24E-18 1.08E-18 6.64E-19 3.96E-19
 1.55E-13 1.03E-13 6.37E-14 4.67E-14 3.37E-14 2.31E-14 1.76E-14 1.18E-14
 7.10E-15 4.99E-15 3.40E-15 2.17E-15 1.56E-15 9.75E-16 5.28E-16 3.49E-16
 2.23E-16 1.33E-16 9.17E-17 5.38E-17 2.71E-17 1.72E-17 1.05E-17 5.97E-18
 3.98E-18 2.24E-18 1.08E-18 6.64E-19 3.96E-19
 1.66E-13 1.08E-13 6.57E-14 4.78E-14 3.43E-14 2.34E-14 1.78E-14 1.19E-14
 7.12E-15 5.01E-15 3.41E-15 2.17E-15 1.56E-15 9.74E-16 5.28E-16 3.49E-16
 2.23E-16 1.33E-16 9.16E-17 5.37E-17 2.71E-17 1.71E-17 1.05E-17 5.96E-18
 3.98E-18 2.24E-18 1.08E-18 6.63E-19 3.95E-19
 1.80E-13 1.14E-13 6.81E-14 4.91E-14 3.49E-14 2.37E-14 1.80E-14 1.20E-14
 7.15E-15 5.02E-15 3.41E-15 2.17E-15 1.56E-15 9.74E-16 5.27E-16 3.48E-16
 2.23E-16 1.33E-16 9.14E-17 5.36E-17 2.70E-17 1.71E-17 1.05E-17 5.95E-18
 3.97E-18 2.24E-18 1.08E-18 6.62E-19 3.95E-19
 2.03E-13 1.25E-13 7.21E-14 5.13E-14 3.61E-14 2.42E-14 1.83E-14 1.21E-14
 7.20E-15 5.04E-15 3.42E-15 2.17E-15 1.56E-15 9.73E-16 5.26E-16 3.48E-16
 2.22E-16 1.32E-16 9.12E-17 5.35E-17 2.70E-17 1.71E-17 1.04E-17 5.94E-18
 3.96E-18 2.23E-18 1.07E-18 6.61E-19 3.94E-19
 2.27E-13 1.35E-13 7.60E-14 5.33E-14 3.71E-14 2.47E-14 1.85E-14 1.23E-14
 7.25E-15 5.06E-15 3.43E-15 2.18E-15 1.56E-15 9.73E-16 5.26E-16 3.47E-16
 2.22E-16 1.32E-16 9.10E-17 5.34E-17 2.69E-17 1.70E-17 1.04E-17 5.93E-18
 3.95E-18 2.23E-18 1.07E-18 6.60E-19 3.93E-19
 2.58E-13 1.49E-13 8.08E-14 5.59E-14 3.84E-14 2.54E-14 1.89E-14 1.24E-14
 7.30E-15 5.09E-15 3.44E-15 2.18E-15 1.57E-15 9.72E-16 5.25E-16 3.46E-16
 2.21E-16 1.32E-16 9.07E-17 5.32E-17 2.68E-17 1.70E-17 1.04E-17 5.91E-18
 3.94E-18 2.22E-18 1.07E-18 6.58E-19 3.92E-19
 3.15E-13 1.72E-13 8.90E-14 6.02E-14 4.06E-14 2.64E-14 1.95E-14 1.27E-14
 7.40E-15 5.13E-15 3.46E-15 2.18E-15 1.57E-15 9.70E-16 5.23E-16 3.45E-16
 2.20E-16 1.31E-16 9.03E-17 5.29E-17 2.67E-17 1.69E-17 1.03E-17 5.88E-18
 3.92E-18 2.21E-18 1.06E-18 6.55E-19 3.90E-19
 3.77E-13 1.96E-13 9.74E-14 6.45E-14 4.28E-14 2.74E-14 2.01E-14 1.30E-14
 7.49E-15 5.17E-15 3.47E-15 2.19E-15 1.57E-15 9.69E-16 5.22E-16 3.44E-16
 2.19E-16 1.31E-16 8.99E-17 5.27E-17 2.66E-17 1.68E-17 1.03E-17 5.85E-18
 3.91E-18 2.20E-18 1.06E-18 6.52E-19 3.89E-19
 4.65E-13 2.30E-13 1.08E-13 7.00E-14 4.55E-14 2.86E-14 2.08E-14 1.33E-14
 7.60E-15 5.23E-15 3.50E-15 2.19E-15 1.57E-15 9.67E-16 5.20E-16 3.42E-16
 2.18E-16 1.30E-16 8.93E-17 5.23E-17 2.64E-17 1.67E-17 1.02E-17 5.81E-18
 3.88E-18 2.19E-18 1.05E-18 6.49E-19 3.87E-19
 6.54E-13 2.97E-13 1.29E-13 8.04E-14 5.07E-14 3.10E-14 2.21E-14 1.39E-14
 7.80E-15 5.32E-15 3.53E-15 2.20E-15 1.57E-15 9.64E-16 5.16E-16 3.39E-16
 2.16E-16 1.28E-16 8.83E-17 5.17E-17 2.61E-17 1.65E-17 1.01E-17 5.75E-18
 3.84E-18 2.16E-18 1.04E-18 6.43E-19 3.84E-19
 9.05E-13 3.81E-13 1.54E-13 9.24E-14 5.65E-14 3.36E-14 2.36E-14 1.45E-14
 8.02E-15 5.42E-15 3.57E-15 2.21E-15 1.57E-15 9.61E-16 5.12E-16 3.36E-16
 2.14E-16 1.27E-16 8.73E-17 5.11E-17 2.58E-17 1.63E-17 9.99E-18 5.69E-18
 3.80E-18 2.14E-18 1.03E-18 6.37E-19 3.80E-19
 1.37E-12 5.26E-13 1.94E-13 1.11E-13 6.53E-14 3.74E-14 2.58E-14 1.55E-14
 8.34E-15 5.57E-15 3.63E-15 2.23E-15 1.57E-15 9.56E-16 5.07E-16 3.32E-16
 2.11E-16 1.25E-16 8.60E-17 5.03E-17 2.54E-17 1.61E-17 9.84E-18 5.61E-18
 3.75E-18 2.11E-18 1.02E-18 6.29E-19 3.76E-19
 2.80E-12 9.38E-13 2.94E-13 1.56E-13 8.57E-14 4.60E-14 3.04E-14 1.75E-14
 9.00E-15 5.87E-15 3.75E-15 2.25E-15 1.57E-15 9.46E-16 4.97E-16 3.24E-16
 2.05E-16 1.21E-16 8.32E-17 4.87E-17 2.46E-17 1.56E-17 9.55E-18 5.45E-18
 3.65E-18 2.06E-18 9.96E-19 6.15E-19 3.68E-19
 5.44E-12 1.63E-12 4.42E-13 2.18E-13 1.12E-13 5.68E-14 3.62E-14 1.99E-14
 9.79E-15 6.22E-15 3.88E-15 2.29E-15 1.58E-15 9.34E-16 4.84E-16 3.13E-16
 1.98E-16 1.17E-16 7.99E-17 4.67E-17 2.36E-17 1.50E-17 9.21E-18 5.27E-18
 3.53E-18 2.00E-18 9.69E-19 5.99E-19 3.59E-19
 1.11E-11 3.00E-12 7.05E-13 3.22E-13 1.55E-13 7.30E-14 4.47E-14 2.33E-14
 1.09E-14 6.70E-15 4.06E-15 2.33E-15 1.58E-15 9.18E-16 4.67E-16 3.00E-16
 1.87E-16 1.10E-16 7.52E-17 4.40E-17 2.22E-17 1.41E-17 8.70E-18 4.99E-18
 3.35E-18 1.91E-18 9.29E-19 5.76E-19 3.46E-19
 2.80E-11 6.75E-12 1.34E-12 5.49E-13 2.39E-13 1.03E-13 5.92E-14 2.88E-14
 1.25E-14 7.40E-15 4.33E-15 2.39E-15 1.58E-15 8.94E-16 4.41E-16 2.78E-16
 1.71E-16 9.92E-17 6.74E-17 3.91E-17 1.97E-17 1.25E-17 7.74E-18 4.46E-18
 3.01E-18 1.72E-18 8.46E-19 5.28E-19 3.19E-19
 5.17E-11 1.18E-11 2.07E-12 7.85E-13 3.17E-13 1.27E-13 7.04E-14 3.28E-14
 1.36E-14 7.86E-15 4.49E-15 2.43E-15 1.59E-15 8.78E-16 4.23E-16 2.63E-16
 1.60E-16 9.14E-17 6.16E-17 3.54E-17 1.77E-17 1.12E-17 6.89E-18 3.96E-18
 2.68E-18 1.54E-18 7.60E-19 4.77E-19 2.90E-19
 8.60E-11 1.86E-11 2.94E-12 1.03E-12 3.90E-13 1.48E-13 7.94E-14 3.58E-14
 1.44E-14 8.19E-15 4.62E-15 2.46E-15 1.59E-15 8.66E-16 4.10E-16 2.52E-16
 1.51E-16 8.52E-17 5.69E-17 3.22E-17 1.59E-17 9.96E-18 6.09E-18 3.49E-18
 2.35E-18 1.34E-18 6.65E-19 4.18E-19 2.55E-19
 1.39E-10 2.87E-11 3.99E-12 1.30E-12 4.60E-13 1.66E-13 8.73E-14 3.84E-14
 1.51E-14 8.47E-15 4.72E-15 2.48E-15 1.59E-15 8.56E-16 3.98E-16 2.42E-16
 1.44E-16 7.96E-17 5.26E-17 2.93E-17 1.42E-17 8.78E-18 5.30E-18 3.00E-18
 2.00E-18 1.13E-18 5.54E-19 3.47E-19 2.11E-19
 1.74E-10 3.49E-11 4.55E-12 1.43E-12 4.94E-13 1.75E-13 9.10E-14 3.96E-14
 1.54E-14 8.60E-15 4.76E-15 2.49E-15 1.59E-15 8.50E-16 3.92E-16 2.37E-16
 1.40E-16 7.68E-17 5.04E-17 2.79E-17 1.33E-17 8.18E-18 4.90E-18 2.74E-18
 1.82E-18 1.02E-18 4.94E-19 3.07E-19 1.85E-19
 1.98E-10 3.92E-11 4.93E-12 1.52E-12 5.17E-13 1.81E-13 9.36E-14 4.04E-14
 1.56E-14 8.69E-15 4.79E-15 2.49E-15 1.59E-15 8.47E-16 3.89E-16 2.34E-16
 1.37E-16 7.49E-17 4.89E-17 2.69E-17 1.27E-17 7.76E-18 4.61E-18 2.56E-18
 1.69E-18 9.39E-19 4.50E-19 2.78E-19 1.67E-19