  132    /H + 0  PHOTON EMISSIVITY COEFFICIENTS

  6561.9A   24  29 /FILMEM = BNDLEN /TYPE = EXCIT     /INDM = 1 /ISEL=    3
 5.00E+07 1.00E+08 2.00E+08 5.00E+08 1.00E+09 2.00E+09 5.00E+09 1.00E+10
 2.00E+10 5.00E+10 1.00E+11 2.00E+11 5.00E+11 1.00E+12 2.00E+12 5.00E+12
 1.00E+13 2.00E+13 5.00E+13 1.00E+14 2.00E+14 5.00E+14 1.00E+15 2.00E+15
 2.00E-01 3.00E-01 5.00E-01 7.00E-01 1.00E+00 1.50E+00 2.00E+00 3.00E+00
 5.00E+00 7.00E+00 1.00E+01 1.50E+01 2.00E+01 3.00E+01 5.00E+01 7.00E+01
 1.00E+02 1.50E+02 2.00E+02 3.00E+02 5.00E+02 7.00E+02 1.00E+03 1.50E+03
 2.00E+03 3.00E+03 5.00E+03 7.00E+03 1.00E+04
 5.12E-35 2.39E-26 1.96E-19 1.78E-16 2.92E-14 1.51E-12 1.08E-11 7.67E-11
 3.67E-10 7.14E-10 1.17E-09 1.69E-09 2.01E-09 2.37E-09 2.69E-09 2.81E-09
 2.85E-09 2.81E-09 2.75E-09 2.61E-09 2.39E-09 2.23E-09 2.05E-09 1.84E-09
 1.70E-09 1.51E-09 1.29E-09 1.16E-09 1.03E-09
 5.12E-35 2.39E-26 1.96E-19 1.78E-16 2.92E-14 1.51E-12 1.08E-11 7.66E-11
 3.66E-10 7.13E-10 1.16E-09 1.68E-09 2.01E-09 2.37E-09 2.69E-09 2.80E-09
 2.84E-09 2.81E-09 2.74E-09 2.61E-09 2.39E-09 2.23E-09 2.05E-09 1.84E-09
 1.70E-09 1.51E-09 1.29E-09 1.15E-09 1.02E-09
 5.12E-35 2.39E-26 1.96E-19 1.78E-16 2.91E-14 1.51E-12 1.08E-11 7.65E-11
 3.66E-10 7.11E-10 1.16E-09 1.68E-09 2.00E-09 2.36E-09 2.68E-09 2.80E-09
 2.84E-09 2.80E-09 2.74E-09 2.60E-09 2.38E-09 2.22E-09 2.04E-09 1.84E-09
 1.70E-09 1.51E-09 1.29E-09 1.15E-09 1.02E-09
 5.12E-35 2.39E-26 1.96E-19 1.78E-16 2.91E-14 1.51E-12 1.08E-11 7.62E-11
 3.64E-10 7.09E-10 1.16E-09 1.67E-09 1.99E-09 2.35E-09 2.67E-09 2.79E-09
 2.83E-09 2.79E-09 2.73E-09 2.60E-09 2.38E-09 2.22E-09 2.04E-09 1.84E-09
 1.69E-09 1.51E-09 1.28E-09 1.15E-09 1.02E-09
 5.12E-35 2.39E-26 1.95E-19 1.77E-16 2.91E-14 1.50E-12 1.07E-11 7.60E-11
 3.63E-10 7.06E-10 1.15E-09 1.67E-09 1.99E-09 2.34E-09 2.66E-09 2.78E-09
 2.82E-09 2.78E-09 2.72E-09 2.59E-09 2.37E-09 2.21E-09 2.03E-09 1.83E-09
 1.69E-09 1.50E-09 1.28E-09 1.15E-09 1.02E-09
 5.12E-35 2.39E-26 1.95E-19 1.77E-16 2.90E-14 1.50E-12 1.07E-11 7.58E-11
 3.62E-10 7.03E-10 1.15E-09 1.66E-09 1.98E-09 2.33E-09 2.65E-09 2.76E-09
 2.81E-09 2.77E-09 2.71E-09 2.58E-09 2.37E-09 2.21E-09 2.03E-09 1.83E-09
 1.69E-09 1.50E-09 1.28E-09 1.15E-09 1.02E-09
 5.12E-35 2.39E-26 1.95E-19 1.77E-16 2.90E-14 1.50E-12 1.06E-11 7.54E-11
 3.60E-10 6.99E-10 1.14E-09 1.65E-09 1.96E-09 2.31E-09 2.63E-09 2.75E-09
 2.79E-09 2.76E-09 2.69E-09 2.57E-09 2.35E-09 2.20E-09 2.02E-09 1.82E-09
 1.68E-09 1.49E-09 1.28E-09 1.14E-09 1.02E-09
 5.12E-35 2.39E-26 1.95E-19 1.77E-16 2.89E-14 1.49E-12 1.06E-11 7.50E-11
 3.58E-10 6.95E-10 1.13E-09 1.64E-09 1.95E-09 2.30E-09 2.62E-09 2.73E-09
 2.77E-09 2.74E-09 2.68E-09 2.55E-09 2.34E-09 2.18E-09 2.01E-09 1.81E-09
 1.68E-09 1.49E-09 1.27E-09 1.14E-09 1.01E-09
 5.12E-35 2.39E-26 1.95E-19 1.77E-16 2.88E-14 1.49E-12 1.06E-11 7.46E-11
 3.55E-10 6.90E-10 1.13E-09 1.63E-09 1.94E-09 2.28E-09 2.59E-09 2.71E-09
 2.75E-09 2.72E-09 2.66E-09 2.53E-09 2.33E-09 2.17E-09 2.00E-09 1.80E-09
 1.67E-09 1.48E-09 1.27E-09 1.14E-09 1.01E-09
 5.12E-35 2.39E-26 1.95E-19 1.76E-16 2.87E-14 1.48E-12 1.05E-11 7.38E-11
 3.51E-10 6.82E-10 1.11E-09 1.61E-09 1.91E-09 2.25E-09 2.56E-09 2.67E-09
 2.71E-09 2.69E-09 2.63E-09 2.51E-09 2.30E-09 2.15E-09 1.98E-09 1.79E-09
 1.65E-09 1.47E-09 1.26E-09 1.13E-09 1.00E-09
 5.12E-35 2.39E-26 1.95E-19 1.76E-16 2.86E-14 1.47E-12 1.04E-11 7.32E-11
 3.47E-10 6.74E-10 1.10E-09 1.59E-09 1.89E-09 2.22E-09 2.53E-09 2.64E-09
 2.68E-09 2.66E-09 2.60E-09 2.48E-09 2.28E-09 2.13E-09 1.97E-09 1.77E-09
 1.64E-09 1.46E-09 1.25E-09 1.12E-09 9.98E-10
 5.12E-35 2.39E-26 1.94E-19 1.75E-16 2.84E-14 1.45E-12 1.03E-11 7.23E-11
 3.43E-10 6.64E-10 1.08E-09 1.56E-09 1.86E-09 2.19E-09 2.49E-09 2.60E-09
 2.64E-09 2.62E-09 2.56E-09 2.45E-09 2.26E-09 2.11E-09 1.95E-09 1.76E-09
 1.63E-09 1.45E-09 1.24E-09 1.11E-09 9.91E-10
 5.13E-35 2.39E-26 1.94E-19 1.74E-16 2.82E-14 1.43E-12 1.01E-11 7.07E-11
 3.34E-10 6.47E-10 1.05E-09 1.52E-09 1.81E-09 2.13E-09 2.42E-09 2.53E-09
 2.58E-09 2.56E-09 2.51E-09 2.40E-09 2.21E-09 2.07E-09 1.91E-09 1.73E-09
 1.60E-09 1.43E-09 1.22E-09 1.10E-09 9.79E-10
 5.13E-35 2.39E-26 1.93E-19 1.73E-16 2.78E-14 1.41E-12 9.90E-12 6.90E-11
 3.25E-10 6.29E-10 1.02E-09 1.47E-09 1.75E-09 2.07E-09 2.36E-09 2.47E-09
 2.51E-09 2.50E-09 2.45E-09 2.35E-09 2.17E-09 2.03E-09 1.88E-09 1.70E-09
 1.57E-09 1.41E-09 1.21E-09 1.09E-09 9.67E-10
 5.13E-35 2.39E-26 1.92E-19 1.71E-16 2.74E-14 1.38E-12 9.62E-12 6.66E-11
 3.12E-10 6.03E-10 9.80E-10 1.41E-09 1.68E-09 1.98E-09 2.27E-09 2.38E-09
 2.43E-09 2.42E-09 2.37E-09 2.28E-09 2.11E-09 1.98E-09 1.83E-09 1.66E-09
 1.54E-09 1.38E-09 1.19E-09 1.07E-09 9.52E-10
 5.15E-35 2.39E-26 1.90E-19 1.67E-16 2.64E-14 1.30E-12 9.01E-12 6.16E-11
 2.86E-10 5.48E-10 8.89E-10 1.28E-09 1.53E-09 1.81E-09 2.08E-09 2.19E-09
 2.25E-09 2.25E-09 2.22E-09 2.14E-09 2.00E-09 1.88E-09 1.75E-09 1.59E-09
 1.48E-09 1.33E-09 1.15E-09 1.03E-09 9.24E-10
 5.17E-35 2.38E-26 1.87E-19 1.62E-16 2.51E-14 1.21E-12 8.27E-12 5.57E-11
 2.54E-10 4.85E-10 7.83E-10 1.13E-09 1.35E-09 1.60E-09 1.86E-09 1.97E-09
 2.04E-09 2.06E-09 2.04E-09 1.98E-09 1.86E-09 1.76E-09 1.65E-09 1.51E-09
 1.41E-09 1.27E-09 1.10E-09 9.97E-10 8.94E-10
 5.21E-35 2.37E-26 1.81E-19 1.53E-16 2.30E-14 1.08E-12 7.20E-12 4.73E-11
 2.11E-10 4.00E-10 6.43E-10 9.29E-10 1.11E-09 1.33E-09 1.56E-09 1.67E-09
 1.74E-09 1.78E-09 1.78E-09 1.75E-09 1.66E-09 1.59E-09 1.50E-09 1.39E-09
 1.30E-09 1.18E-09 1.04E-09 9.42E-10 8.49E-10
 5.32E-35 2.34E-26 1.67E-19 1.34E-16 1.89E-14 8.30E-13 5.35E-12 3.38E-11
 1.46E-10 2.74E-10 4.39E-10 6.35E-10 7.65E-10 9.27E-10 1.11E-09 1.20E-09
 1.27E-09 1.32E-09 1.34E-09 1.34E-09 1.31E-09 1.27E-09 1.21E-09 1.14E-09
 1.09E-09 1.00E-09 8.97E-10 8.27E-10 7.54E-10
 5.46E-35 2.30E-26 1.50E-19 1.13E-16 1.51E-14 6.27E-13 3.93E-12 2.41E-11
 1.02E-10 1.90E-10 3.05E-10 4.45E-10 5.39E-10 6.59E-10 7.99E-10 8.74E-10
 9.36E-10 9.84E-10 1.01E-09 1.02E-09 1.01E-09 9.87E-10 9.57E-10 9.14E-10
 8.79E-10 8.25E-10 7.51E-10 7.01E-10 6.48E-10
 5.66E-35 2.25E-26 1.31E-19 9.20E-17 1.15E-14 4.54E-13 2.77E-12 1.66E-11
 6.92E-11 1.28E-10 2.06E-10 3.03E-10 3.69E-10 4.55E-10 5.58E-10 6.15E-10
 6.64E-10 7.05E-10 7.25E-10 7.40E-10 7.39E-10 7.30E-10 7.14E-10 6.89E-10
 6.68E-10 6.35E-10 5.89E-10 5.57E-10 5.21E-10
 5.93E-35 2.16E-26 1.07E-19 6.89E-17 8.01E-15 2.96E-13 1.74E-12 1.00E-11
 4.06E-11 7.48E-11 1.20E-10 1.75E-10 2.14E-10 2.66E-10 3.31E-10 3.68E-10
 4.02E-10 4.32E-10 4.48E-10 4.62E-10 4.66E-10 4.64E-10 4.58E-10 4.47E-10
 4.36E-10 4.19E-10 3.95E-10 3.77E-10 3.58E-10
 6.04E-35 2.09E-26 9.37E-20 5.69E-17 6.25E-15 2.17E-13 1.23E-12 6.75E-12
 2.63E-11 4.76E-11 7.54E-11 1.10E-10 1.34E-10 1.67E-10 2.09E-10 2.34E-10
 2.57E-10 2.79E-10 2.92E-10 3.05E-10 3.12E-10 3.14E-10 3.12E-10 3.08E-10
 3.03E-10 2.94E-10 2.80E-10 2.69E-10 2.57E-10
 5.99E-35 2.00E-26 8.36E-20 4.80E-17 4.91E-15 1.56E-13 8.36E-13 4.34E-12
 1.61E-11 2.86E-11 4.46E-11 6.45E-11 7.86E-11 9.77E-11 1.23E-10 1.38E-10
 1.53E-10 1.68E-10 1.77E-10 1.87E-10 1.95E-10 1.98E-10 2.00E-10 2.00E-10
 1.99E-10 1.95E-10 1.89E-10 1.84E-10 1.78E-10