   44    /C + 1 PHOTON EMISSIVITY COEFFICIENTS/

  6581.5 A  12  12 /FILMEM = WJD92#C /TYPE = EXCIT    /INDM = T/ISEL =   12
 1.00E+11 2.00E+11 5.00E+11 1.00E+12 2.00E+12 5.00E+12 1.00E+13 2.00E+13
 5.00E+13 1.00E+14 2.00E+14 5.00E+14
 1.00E+00 1.50E+00 2.00E+00 3.00E+00 5.00E+00 7.00E+00 1.00E+01 1.50E+01
 2.00E+01 3.00E+01 5.00E+01 6.89E+01
 1.24E-15 2.18E-13 2.63E-12 2.79E-11 1.57E-10 3.01E-10 4.61E-10 6.00E-10
 6.59E-10 6.85E-10 6.47E-10 5.97E-10
 1.24E-15 2.18E-13 2.62E-12 2.78E-11 1.56E-10 3.00E-10 4.58E-10 5.97E-10
 6.56E-10 6.83E-10 6.45E-10 5.95E-10
 1.24E-15 2.17E-13 2.62E-12 2.77E-11 1.55E-10 2.98E-10 4.56E-10 5.95E-10
 6.53E-10 6.80E-10 6.43E-10 5.94E-10
 1.24E-15 2.16E-13 2.60E-12 2.76E-11 1.55E-10 2.97E-10 4.54E-10 5.91E-10
 6.50E-10 6.77E-10 6.40E-10 5.91E-10
 1.23E-15 2.15E-13 2.58E-12 2.74E-11 1.53E-10 2.94E-10 4.49E-10 5.86E-10
 6.44E-10 6.71E-10 6.36E-10 5.87E-10
 1.21E-15 2.11E-13 2.53E-12 2.67E-11 1.49E-10 2.86E-10 4.37E-10 5.70E-10
 6.27E-10 6.55E-10 6.22E-10 5.75E-10
 1.17E-15 2.04E-13 2.44E-12 2.57E-11 1.43E-10 2.74E-10 4.19E-10 5.47E-10
 6.02E-10 6.30E-10 6.00E-10 5.56E-10
 1.11E-15 1.92E-13 2.28E-12 2.39E-11 1.32E-10 2.53E-10 3.87E-10 5.05E-10
 5.58E-10 5.86E-10 5.61E-10 5.22E-10
 9.65E-16 1.64E-13 1.94E-12 2.00E-11 1.09E-10 2.08E-10 3.17E-10 4.16E-10
 4.60E-10 4.88E-10 4.73E-10 4.44E-10
 8.10E-16 1.36E-13 1.58E-12 1.60E-11 8.64E-11 1.64E-10 2.49E-10 3.26E-10
 3.63E-10 3.87E-10 3.81E-10 3.61E-10
 6.42E-16 1.06E-13 1.21E-12 1.20E-11 6.31E-11 1.18E-10 1.79E-10 2.35E-10
 2.62E-10 2.82E-10 2.82E-10 2.71E-10
 4.51E-16 7.13E-14 7.89E-13 7.49E-12 3.79E-11 6.98E-11 1.05E-10 1.37E-10
 1.54E-10 1.67E-10 1.70E-10 1.66E-10