   44    /C + 1 PHOTON EMISSIVITY COEFFICIENTS/

  6581.5 A  12  12 /FILMEM = WJD92#C /TYPE = RECOM    /INDM =+T/ISEL =   34
 1.00E+11 2.00E+11 5.00E+11 1.00E+12 2.00E+12 5.00E+12 1.00E+13 2.00E+13
 5.00E+13 1.00E+14 2.00E+14 5.00E+14
 1.00E+00 1.50E+00 2.00E+00 3.00E+00 5.00E+00 7.00E+00 1.00E+01 1.50E+01
 2.00E+01 3.00E+01 5.00E+01 6.89E+01
 1.06E-13 9.67E-14 1.08E-13 1.43E-13 1.91E-13 2.00E-13 1.83E-13 1.43E-13
 1.12E-13 7.53E-14 4.24E-14 2.87E-14
 1.10E-13 9.81E-14 1.07E-13 1.36E-13 1.70E-13 1.74E-13 1.56E-13 1.21E-13
 9.44E-14 6.32E-14 3.56E-14 2.42E-14
 1.18E-13 1.00E-13 1.06E-13 1.26E-13 1.45E-13 1.42E-13 1.25E-13 9.47E-14
 7.38E-14 4.93E-14 2.78E-14 1.90E-14
 1.26E-13 1.03E-13 1.05E-13 1.19E-13 1.29E-13 1.23E-13 1.05E-13 7.89E-14
 6.12E-14 4.08E-14 2.31E-14 1.59E-14
 1.37E-13 1.06E-13 1.05E-13 1.13E-13 1.16E-13 1.07E-13 8.96E-14 6.63E-14
 5.12E-14 3.40E-14 1.93E-14 1.33E-14
 1.56E-13 1.11E-13 1.05E-13 1.06E-13 1.01E-13 9.02E-14 7.37E-14 5.36E-14
 4.11E-14 2.73E-14 1.56E-14 1.08E-14
 1.75E-13 1.16E-13 1.04E-13 1.01E-13 9.14E-14 7.96E-14 6.38E-14 4.59E-14
 3.51E-14 2.32E-14 1.33E-14 9.26E-15
 1.99E-13 1.20E-13 1.02E-13 9.34E-14 8.11E-14 6.91E-14 5.45E-14 3.88E-14
 2.95E-14 1.96E-14 1.13E-14 7.88E-15
 2.34E-13 1.23E-13 9.58E-14 7.97E-14 6.51E-14 5.40E-14 4.17E-14 2.92E-14
 2.22E-14 1.47E-14 8.54E-15 6.02E-15
 2.61E-13 1.22E-13 8.73E-14 6.68E-14 5.16E-14 4.18E-14 3.17E-14 2.20E-14
 1.66E-14 1.10E-14 6.44E-15 4.57E-15
 2.89E-13 1.20E-13 7.82E-14 5.39E-14 3.89E-14 3.07E-14 2.28E-14 1.56E-14
 1.17E-14 7.71E-15 4.50E-15 3.21E-15
 3.47E-13 1.24E-13 7.04E-14 4.09E-14 2.61E-14 1.96E-14 1.40E-14 9.26E-15
 6.84E-15 4.44E-15 2.57E-15 1.83E-15