6.965624999999999734e-01 -6.224360505053084802e-01 3.113448335497434716e+00
6.921859313640379430e-01 -6.187500000000001332e-01 3.113448335497434716e+00
6.662500000000000089e-01 -5.954461583751149423e-01 3.113448335497434716e+00
6.359375000000000444e-01 -5.607500355191764596e-01 3.113448335497434716e+00
6.279773628104252658e-01 -5.500000000000000444e-01 3.113448335497434716e+00
6.056250000000000799e-01 -5.163790014687971164e-01 3.113448335497434716e+00
5.858288116632742737e-01 -4.812499999999999556e-01 3.113448335497434716e+00
5.753124999999998934e-01 -4.595987392521770909e-01 3.113448335497434716e+00
5.549410626774684552e-01 -4.125000000000000888e-01 3.113448335497434716e+00
5.449999999999999289e-01 -3.845793006741521913e-01 3.113448335497434716e+00
5.315390824712326046e-01 -3.437500000000000000e-01 3.113448335497434716e+00
5.146874999999999645e-01 -2.781335082588128893e-01 3.113448335497434716e+00
5.139173322783840980e-01 -2.749999999999999112e-01 3.113448335497434716e+00
5.007825882122988181e-01 -2.062500000000000444e-01 3.113448335497434716e+00
4.918326562459371387e-01 -1.375000000000001776e-01 3.113448335497434716e+00
4.865981856153803187e-01 -6.875000000000008882e-02 3.113448335497434716e+00
4.848136630556434401e-01 0.000000000000000000e+00 3.113448335497434716e+00
4.863892182928239438e-01 6.875000000000008882e-02 3.113448335497434716e+00
4.914011276822850549e-01 1.375000000000001776e-01 3.113448335497434716e+00
5.000994063713832816e-01 2.062499999999998224e-01 3.113448335497434716e+00
5.129338035609118940e-01 2.749999999999999112e-01 3.113448335497434716e+00
5.146874999999999645e-01 2.822517989940135363e-01 3.113448335497434716e+00
5.302155550323408573e-01 3.437500000000000000e-01 3.113448335497434716e+00
5.449999999999999289e-01 3.892294353895229819e-01 3.113448335497434716e+00
5.531633870205951986e-01 4.125000000000000888e-01 3.113448335497434716e+00
5.753124999999998934e-01 4.643608276625798004e-01 3.113448335497434716e+00
5.834065188402755009e-01 4.812500000000001776e-01 3.113448335497434716e+00
6.056250000000000799e-01 5.211361657904315381e-01 3.113448335497434716e+00
6.245802431458091775e-01 5.499999999999998224e-01 3.113448335497434716e+00
6.359375000000000444e-01 5.655003820765776013e-01 3.113448335497434716e+00
6.662500000000000089e-01 6.001146231463604375e-01 3.113448335497434716e+00
6.867784038093713850e-01 6.187499999999999112e-01 3.113448335497434716e+00
6.965624999999999734e-01 6.270599573432527052e-01 3.113448335497434716e+00
7.268749999999999378e-01 6.476329287196741502e-01 3.113448335497434716e+00
7.571874999999999023e-01 6.624867391885225221e-01 3.113448335497434716e+00
7.875000000000000888e-01 6.724283358098817054e-01 3.113448335497434716e+00
8.178125000000000533e-01 6.780571970084426914e-01 3.113448335497434716e+00
8.481250000000000178e-01 6.798096540570133239e-01 3.113448335497434716e+00
8.784374999999998712e-01 6.779894452571532115e-01 3.113448335497434716e+00
9.087499999999999467e-01 6.727876416669515969e-01 3.113448335497434716e+00
9.390625000000000222e-01 6.642936063608235742e-01 3.113448335497434716e+00
9.693749999999998757e-01 6.524974238601626286e-01 3.113448335497434716e+00
9.996875000000000622e-01 6.372829282398028150e-01 3.113448335497434716e+00
1.029448445416800029e+00 6.187499999999999112e-01 3.113448335497434716e+00
1.030000000000000027e+00 6.184154178182887929e-01 3.113448335497434716e+00
1.060312499999999991e+00 5.960070257552798623e-01 3.113448335497434716e+00
1.090624999999999956e+00 5.692208113130330371e-01 3.113448335497434716e+00
1.108998926540021746e+00 5.499999999999998224e-01 3.113448335497434716e+00
1.120937499999999920e+00 5.372120416161710876e-01 3.113448335497434716e+00
1.151250000000000107e+00 4.990112746910172481e-01 3.113448335497434716e+00
1.163280516878373749e+00 4.812500000000001776e-01 3.113448335497434716e+00
1.181562500000000071e+00 4.525577619306402899e-01 3.113448335497434716e+00
1.203395757093344232e+00 4.125000000000000888e-01 3.113448335497434716e+00
1.211875000000000036e+00 3.955955935060072037e-01 3.113448335497434716e+00
1.234585572377495888e+00 3.437500000000000000e-01 3.113448335497434716e+00
1.242187500000000000e+00 3.245550429668273562e-01 3.113448335497434716e+00
1.259823329203619391e+00 2.749999999999999112e-01 3.113448335497434716e+00
1.272499999999999964e+00 2.344767240471746228e-01 3.113448335497434716e+00
1.280707353445819541e+00 2.062499999999998224e-01 3.113448335497434716e+00
1.297011704914541319e+00 1.375000000000001776e-01 3.113448335497434716e+00
1.302812499999999929e+00 1.008499417933491210e-01 3.113448335497434716e+00
1.307709995230057265e+00 6.875000000000008882e-02 3.113448335497434716e+00
1.311497412875480606e+00 0.000000000000000000e+00 3.113448335497434716e+00
1.307971167190844497e+00 -6.875000000000008882e-02 3.113448335497434716e+00
1.302812499999999929e+00 -1.029601849612515746e-01 3.113448335497434716e+00
1.297398613209851836e+00 -1.375000000000001776e-01 3.113448335497434716e+00
1.280967809562449045e+00 -2.062500000000000444e-01 3.113448335497434716e+00
1.272499999999999964e+00 -2.348929617543323578e-01 3.113448335497434716e+00
1.259756495800874010e+00 -2.749999999999999112e-01 3.113448335497434716e+00
1.242187500000000000e+00 -3.235088178584122343e-01 3.113448335497434716e+00
1.234042339686395318e+00 -3.437500000000000000e-01 3.113448335497434716e+00
1.211875000000000036e+00 -3.936909467456809475e-01 3.113448335497434716e+00
1.202326458196260939e+00 -4.125000000000000888e-01 3.113448335497434716e+00
1.181562500000000071e+00 -4.503084241250365771e-01 3.113448335497434716e+00
1.161703938382519397e+00 -4.812499999999999556e-01 3.113448335497434716e+00
1.151250000000000107e+00 -4.966382799774026191e-01 3.113448335497434716e+00
1.120937499999999920e+00 -5.347677661053724663e-01 3.113448335497434716e+00
1.106655124145810909e+00 -5.500000000000000444e-01 3.113448335497434716e+00
1.090624999999999956e+00 -5.667435107561852314e-01 3.113448335497434716e+00
1.060312499999999991e+00 -5.934770536094122750e-01 3.113448335497434716e+00
1.030000000000000027e+00 -6.157879329014985803e-01 3.113448335497434716e+00
1.025091195027429070e+00 -6.187500000000001332e-01 3.113448335497434716e+00
9.996875000000000622e-01 -6.345133417014279242e-01 3.113448335497434716e+00
9.693749999999998757e-01 -6.496084535371975388e-01 3.113448335497434716e+00
9.390624999999999112e-01 -6.612582099324613161e-01 3.113448335497434716e+00
9.087499999999999467e-01 -6.695855454405894580e-01 3.113448335497434716e+00
8.784374999999999822e-01 -6.746050029813254190e-01 3.113448335497434716e+00
8.481250000000000178e-01 -6.762305752222025346e-01 3.113448335497434716e+00
8.178125000000000533e-01 -6.742739538967339463e-01 3.113448335497434716e+00
7.874999999999999778e-01 -6.684341870373969874e-01 3.113448335497434716e+00
7.571874999999999023e-01 -6.582784153675728112e-01 3.113448335497434716e+00
7.268749999999999378e-01 -6.432121407795248214e-01 3.113448335497434716e+00
6.965624999999999734e-01 -6.224360505053084802e-01 3.113448335497434716e+00
