  300    /C + 1 PHOTON EMISSIVITY COEFFICIENTS/
  6581.5 A  24  24 /FILMEM = ls#c1   /TYPE = EXCIT    /INDM = 1/ISEL =    1
 1.28E+03 1.28E+04 1.28E+05 1.28E+06 1.28E+07 1.28E+08 3.84E+08 1.28E+09
 3.84E+09 1.28E+10 3.84E+10 1.28E+11 3.84E+11 1.28E+12 3.84E+12 1.28E+13
 3.84E+13 1.28E+14 3.84E+14 1.28E+15 3.84E+15 1.28E+16 3.84E+16 1.28E+17
 1.72E-01 2.41E-01 3.45E-01 5.17E-01 6.89E-01 1.03E+00 1.72E+00 2.41E+00
 3.45E+00 5.17E+00 6.89E+00 1.03E+01 1.72E+01 2.41E+01 3.45E+01 5.17E+01
 6.89E+01 1.03E+02 1.72E+02 2.41E+02 3.45E+02 5.17E+02 6.89E+02 1.03E+03
 1.00E-74 1.13E-37 6.41E-29 4.05E-22 1.00E-18 2.39E-15 1.14E-12 1.52E-11
 1.02E-10 4.20E-10 8.19E-10 1.50E-09 2.24E-09 2.53E-09 2.66E-09 2.64E-09
 2.55E-09 2.36E-09 2.09E-09 1.91E-09 1.72E-09 1.53E-09 1.41E-09 1.26E-09
 1.00E-74 1.13E-37 6.41E-29 4.05E-22 1.00E-18 2.39E-15 1.14E-12 1.52E-11
 1.02E-10 4.20E-10 8.19E-10 1.50E-09 2.24E-09 2.53E-09 2.66E-09 2.64E-09
 2.55E-09 2.36E-09 2.09E-09 1.91E-09 1.72E-09 1.53E-09 1.41E-09 1.26E-09
 1.00E-74 1.13E-37 6.41E-29 4.05E-22 1.00E-18 2.39E-15 1.14E-12 1.52E-11
 1.02E-10 4.20E-10 8.19E-10 1.50E-09 2.24E-09 2.53E-09 2.66E-09 2.64E-09
 2.55E-09 2.36E-09 2.09E-09 1.91E-09 1.72E-09 1.53E-09 1.41E-09 1.26E-09
 1.00E-74 1.13E-37 6.41E-29 4.05E-22 1.00E-18 2.39E-15 1.14E-12 1.52E-11
 1.02E-10 4.20E-10 8.19E-10 1.50E-09 2.24E-09 2.53E-09 2.66E-09 2.64E-09
 2.55E-09 2.36E-09 2.09E-09 1.91E-09 1.72E-09 1.53E-09 1.41E-09 1.26E-09
 1.00E-74 1.13E-37 6.41E-29 4.05E-22 1.00E-18 2.39E-15 1.14E-12 1.52E-11
 1.02E-10 4.20E-10 8.19E-10 1.50E-09 2.24E-09 2.53E-09 2.66E-09 2.64E-09
 2.55E-09 2.36E-09 2.09E-09 1.91E-09 1.72E-09 1.53E-09 1.41E-09 1.26E-09
 1.00E-74 1.13E-37 6.41E-29 4.05E-22 1.00E-18 2.39E-15 1.14E-12 1.52E-11
 1.02E-10 4.20E-10 8.19E-10 1.50E-09 2.24E-09 2.53E-09 2.66E-09 2.64E-09
 2.55E-09 2.36E-09 2.09E-09 1.91E-09 1.72E-09 1.53E-09 1.41E-09 1.26E-09
 1.00E-74 1.13E-37 6.41E-29 4.05E-22 1.00E-18 2.39E-15 1.14E-12 1.52E-11
 1.02E-10 4.20E-10 8.19E-10 1.50E-09 2.24E-09 2.53E-09 2.66E-09 2.64E-09
 2.55E-09 2.36E-09 2.09E-09 1.91E-09 1.72E-09 1.53E-09 1.41E-09 1.26E-09
 1.00E-74 1.13E-37 6.41E-29 4.05E-22 1.00E-18 2.39E-15 1.14E-12 1.52E-11
 1.02E-10 4.20E-10 8.19E-10 1.50E-09 2.24E-09 2.53E-09 2.66E-09 2.64E-09
 2.55E-09 2.36E-09 2.09E-09 1.91E-09 1.72E-09 1.53E-09 1.41E-09 1.26E-09
 1.00E-74 1.13E-37 6.41E-29 4.05E-22 1.00E-18 2.39E-15 1.14E-12 1.52E-11
 1.02E-10 4.20E-10 8.19E-10 1.50E-09 2.24E-09 2.53E-09 2.66E-09 2.64E-09
 2.55E-09 2.36E-09 2.09E-09 1.91E-09 1.72E-09 1.53E-09 1.41E-09 1.26E-09
 1.00E-74 1.13E-37 6.41E-29 4.04E-22 1.00E-18 2.39E-15 1.13E-12 1.52E-11
 1.02E-10 4.20E-10 8.19E-10 1.50E-09 2.23E-09 2.53E-09 2.66E-09 2.64E-09
 2.55E-09 2.36E-09 2.09E-09 1.91E-09 1.72E-09 1.53E-09 1.41E-09 1.26E-09
 1.00E-74 1.12E-37 6.40E-29 4.04E-22 9.99E-19 2.39E-15 1.13E-12 1.52E-11
 1.02E-10 4.20E-10 8.18E-10 1.50E-09 2.23E-09 2.52E-09 2.66E-09 2.64E-09
 2.55E-09 2.36E-09 2.09E-09 1.91E-09 1.72E-09 1.53E-09 1.41E-09 1.26E-09
 3.00E-49 1.12E-37 6.39E-29 4.03E-22 9.97E-19 2.38E-15 1.13E-12 1.51E-11
 1.01E-10 4.18E-10 8.15E-10 1.49E-09 2.22E-09 2.52E-09 2.65E-09 2.63E-09
 2.54E-09 2.36E-09 2.08E-09 1.90E-09 1.72E-09 1.53E-09 1.41E-09 1.25E-09
 2.00E-49 1.11E-37 6.34E-29 4.00E-22 9.90E-19 2.37E-15 1.12E-12 1.50E-11
 1.00E-10 4.14E-10 8.07E-10 1.48E-09 2.20E-09 2.49E-09 2.63E-09 2.61E-09
 2.53E-09 2.34E-09 2.07E-09 1.89E-09 1.71E-09 1.52E-09 1.40E-09 1.25E-09
 2.10E-49 1.08E-37 6.17E-29 3.91E-22 9.66E-19 2.31E-15 1.09E-12 1.45E-11
 9.69E-11 4.00E-10 7.78E-10 1.43E-09 2.13E-09 2.42E-09 2.55E-09 2.54E-09
 2.46E-09 2.29E-09 2.03E-09 1.86E-09 1.68E-09 1.50E-09 1.38E-09 1.23E-09
 2.00E-49 1.00E-37 5.77E-29 3.67E-22 9.07E-19 2.16E-15 1.01E-12 1.33E-11
 8.85E-11 3.63E-10 7.07E-10 1.30E-09 1.94E-09 2.21E-09 2.35E-09 2.35E-09
 2.29E-09 2.14E-09 1.91E-09 1.76E-09 1.60E-09 1.44E-09 1.33E-09 1.19E-09
 1.62E-49 8.26E-38 4.85E-29 3.10E-22 7.65E-19 1.79E-15 8.14E-13 1.06E-11
 6.89E-11 2.79E-10 5.41E-10 9.92E-10 1.49E-09 1.72E-09 1.84E-09 1.87E-09
 1.84E-09 1.74E-09 1.59E-09 1.49E-09 1.37E-09 1.24E-09 1.16E-09 1.05E-09
 1.23E-49 6.33E-38 3.73E-29 2.38E-22 5.80E-19 1.32E-15 5.70E-13 7.15E-12
 4.50E-11 1.78E-10 3.41E-10 6.21E-10 9.38E-10 1.09E-09 1.18E-09 1.22E-09
 1.21E-09 1.17E-09 1.10E-09 1.04E-09 9.81E-10 9.10E-10 8.62E-10 7.98E-10
 9.39E-50 4.78E-38 2.79E-29 1.75E-22 4.17E-19 8.96E-16 3.47E-13 4.07E-12
 2.42E-11 9.11E-11 1.71E-10 3.06E-10 4.61E-10 5.36E-10 5.87E-10 6.09E-10
 6.10E-10 6.00E-10 5.76E-10 5.55E-10 5.30E-10 5.02E-10 4.82E-10 4.57E-10
 7.51E-50 3.84E-38 2.24E-29 1.39E-22 3.27E-19 6.53E-16 2.18E-13 2.33E-12
 1.30E-11 4.63E-11 8.49E-11 1.50E-10 2.24E-10 2.59E-10 2.84E-10 2.97E-10
 2.98E-10 2.95E-10 2.86E-10 2.77E-10 2.66E-10 2.54E-10 2.46E-10 2.35E-10
 5.16E-50 2.71E-38 1.62E-29 1.04E-22 2.44E-19 4.60E-16 1.28E-13 1.24E-12
 6.34E-12 2.14E-11 3.82E-11 6.61E-11 9.79E-11 1.13E-10 1.24E-10 1.30E-10
 1.32E-10 1.31E-10 1.28E-10 1.25E-10 1.22E-10 1.18E-10 1.15E-10 1.11E-10
 2.82E-50 1.54E-38 9.57E-30 6.40E-23 1.56E-19 3.01E-16 7.34E-14 6.42E-13
 3.05E-12 9.79E-12 1.72E-11 2.94E-11 4.33E-11 5.01E-11 5.50E-11 5.81E-11
 5.91E-11 5.93E-11 5.86E-11 5.79E-11 5.71E-11 5.60E-11 5.53E-11 5.42E-11
 1.10E-50 6.17E-39 3.97E-30 2.77E-23 7.08E-20 1.48E-16 3.31E-14 2.67E-13
 1.21E-12 3.77E-12 6.55E-12 1.11E-11 1.64E-11 1.89E-11 2.08E-11 2.21E-11
 2.25E-11 2.28E-11 2.28E-11 2.28E-11 2.28E-11 2.28E-11 2.28E-11 2.28E-11
 4.01E-51 2.28E-39 1.49E-30 1.06E-23 2.78E-20 6.20E-17 1.35E-14 1.06E-13
 4.73E-13 1.46E-12 2.53E-12 4.26E-12 6.21E-12 7.16E-12 7.87E-12 8.37E-12
 8.59E-12 8.73E-12 8.83E-12 8.91E-12 9.01E-12 9.15E-12 9.25E-12 9.41E-12
 1.25E-51 7.12E-40 4.67E-31 3.35E-24 8.89E-21 2.05E-17 4.49E-15 3.52E-14
 1.57E-13 4.81E-13 8.23E-13 1.36E-12 1.96E-12 2.24E-12 2.46E-12 2.61E-12
 2.68E-12 2.74E-12 2.79E-12 2.84E-12 2.90E-12 2.98E-12 3.04E-12 3.14E-12